100
0 5 76.01
0 22 13.86
0 19 57.29
0 10 16.54
0 4 44.64
0 7 38.71
0 26 79.56
0 57 56.1
0 16 99.53
0 44 61.75
0 21 34.48
0 48 55.66
0 11 31.54
0 56 64.45
0 47 52.8
0 20 94.85
0 9 27.14
0 55 27.23
0 31 84.9
0 39 85.94
0 14 37.07
0 30 33.51
0 61 11.64
0 41 87.76
0 51 13.8
0 43 22.76
0 42 51.58
0 52 60.33
0 64 18.61
0 75 94.66
0 94 36.1
0 45 58.68
0 62 47.98
0 54 79.09
0 72 10.59
0 65 38.37
0 60 85.38
0 92 82.76
0 13 55.34
0 85 71.45
0 86 25.25
0 73 39.6
0 71 36.78
0 95 55.32
0 68 88.6
1 12 62.01
1 8 51.54
1 6 41.68
1 2 71.03
1 17 53.58
1 35 77.98
1 9 15.29
1 0 30.17
1 40 71.3
1 25 3.31
1 23 62.33
1 3 92.44
1 7 4.16
1 16 5.14
1 20 75.66
1 5 32.42
1 50 22.16
1 19 66.11
1 33 21.73
1 58 13.33
1 42 69.54
1 48 92.13
1 18 90.54
1 29 37.16
1 38 70.05
1 57 42.4
1 66 64.47
1 26 62.45
1 90 54.57
1 51 11.05
1 82 21.65
1 59 72.85
1 56 76.67
1 91 75.54
1 84 14.05
1 74 50.59
1 86 13.97
1 60 4.41
1 92 42.74
1 88 68.77
1 89 49.12
1 65 89.38
2 5 98.51
2 7 89.83
2 14 39.97
2 3 78.97
2 0 15.36
2 6 64.37
2 36 81.1
2 23 19.59
2 20 16.7
2 27 67.62
2 4 13.28
2 29 57.11
2 31 24.95
2 38 49.53
2 57 96.76
2 8 61.09
2 21 90.42
2 49 88.46
2 39 2.42
2 40 24.42
2 28 56.83
2 51 20.94
2 45 40.61
2 35 10.06
2 58 14.32
2 48 76.44
2 22 70.27
2 60 44.15
2 76 49.7
2 17 15.33
2 63 65.46
2 77 31.22
2 56 12.21
2 96 16.04
2 59 20.15
2 89 18.32
2 79 22.84
2 83 3.83
2 85 99.06
2 70 19.05
2 65 42.39
2 86 25.64
3 4 64.99
3 13 2.17
3 18 1.48
3 24 23.6
3 12 39.56
3 23 78.8
3 10 86.54
3 27 23.83
3 33 58.95
3 8 83.35
3 6 70.17
3 22 52.4
3 35 97.37
3 9 62.01
3 0 12.74
3 5 93.47
3 37 58.61
3 32 59.44
3 45 51.98
3 47 29.9
3 54 4.17
3 39 68.2
3 59 58.43
3 90 85.54
3 51 13.45
3 69 67.67
3 74 42.66
3 55 6.31
3 52 12.0
3 81 23.58
3 66 50.7
3 75 2.56
3 65 73.07
3 84 22.98
3 40 96.44
3 64 1.85
3 53 62.91
3 76 60.73
3 79 60.71
3 58 12.53
4 35 14.26
4 40 13.83
4 24 79.44
4 11 87.85
4 16 59.42
4 1 58.62
4 18 64.64
4 20 27.59
4 21 49.68
4 32 83.86
4 13 9.15
4 8 50.13
4 19 97.21
4 12 30.13
4 28 99.66
4 50 79.66
4 62 23.58
4 33 41.64
4 49 13.96
4 45 85.03
4 48 79.76
4 56 51.65
4 37 46.54
4 61 77.81
4 67 12.58
4 55 13.11
4 30 13.89
4 65 56.17
4 91 7.04
4 72 18.38
4 44 73.91
4 74 72.58
4 94 15.06
4 34 37.26
4 73 51.65
4 78 63.14
4 70 43.48
4 59 92.67
4 84 83.55
4 99 79.66
4 85 30.06
5 15 13.08
5 7 72.25
5 4 83.69
5 18 76.48
5 9 51.94
5 6 38.58
5 13 29.41
5 24 65.93
5 58 57.38
5 39 16.99
5 29 9.31
5 37 16.02
5 14 33.54
5 26 29.29
5 44 26.07
5 47 31.84
5 27 41.85
5 46 2.84
5 34 50.92
5 64 1.37
5 49 17.48
5 32 7.47
5 60 36.78
5 77 42.2
5 57 36.11
5 43 17.25
5 23 66.29
5 55 20.63
5 50 41.79
5 20 99.38
5 68 77.75
5 45 3.97
5 63 4.67
5 83 57.68
5 61 56.66
5 51 78.04
5 94 47.39
5 82 32.68
5 70 85.03
5 40 8.34
5 81 79.58
5 78 89.65
5 92 12.36
5 85 61.11
6 0 3.2
6 19 22.77
6 9 24.91
6 8 71.74
6 29 3.74
6 4 12.42
6 18 3.28
6 28 67.99
6 26 34.4
6 13 14.67
6 25 74.89
6 21 16.27
6 34 10.77
6 43 93.82
6 33 5.36
6 44 24.76
6 17 89.52
6 35 91.22
6 46 36.28
6 41 89.35
6 55 12.88
6 23 12.01
6 20 94.57
6 47 49.55
6 31 34.08
6 73 37.87
6 36 59.84
6 61 7.98
6 87 64.31
6 40 55.46
6 67 75.46
6 76 88.89
6 71 10.47
6 75 10.24
6 74 57.92
6 96 77.59
6 94 69.28
6 49 3.92
6 69 22.38
6 79 42.11
6 53 23.74
6 70 69.89
7 62 10.75
7 9 47.61
7 3 17.37
7 22 96.13
7 23 51.9
7 37 90.52
7 6 17.6
7 25 40.77
7 16 1.58
7 14 17.28
7 15 26.11
7 11 10.42
7 4 37.72
7 28 64.02
7 32 4.95
7 42 90.73
7 43 44.59
7 30 33.54
7 21 66.98
7 20 13.02
7 58 79.06
7 27 82.27
7 64 1.9
7 70 34.48
7 66 41.85
7 38 67.9
7 46 96.71
7 17 19.65
7 89 39.97
7 54 80.7
7 44 34.53
7 80 59.29
7 63 32.52
7 34 17.78
7 50 38.46
7 47 72.15
7 74 33.52
7 72 89.58
7 69 44.56
7 71 69.49
7 52 87.71
8 14 83.5
8 13 21.66
8 24 74.8
8 18 28.53
8 20 87.75
8 7 51.72
8 5 5.65
8 11 28.71
8 37 24.65
8 0 5.73
8 22 63.66
8 29 44.04
8 30 61.75
8 53 60.01
8 34 30.49
8 28 70.7
8 45 58.17
8 27 86.56
8 49 49.64
8 50 65.2
8 52 92.73
8 41 71.43
8 17 50.47
8 91 20.28
8 36 0.38
8 42 40.57
8 86 69.54
8 64 46.05
8 75 8.5
8 59 82.48
8 54 23.24
8 72 93.63
8 83 60.12
8 66 10.91
8 90 74.62
8 74 33.1
8 92 27.9
8 96 14.7
8 71 96.57
8 44 34.72
9 8 92.74
9 26 12.56
9 15 82.71
9 22 86.63
9 2 78.2
9 14 18.98
9 31 68.11
9 10 77.95
9 24 19.45
9 32 82.01
9 19 8.92
9 52 46.9
9 16 98.92
9 30 90.38
9 50 98.8
9 53 38.43
9 4 31.18
9 44 72.32
9 36 20.59
9 62 52.23
9 67 40.2
9 35 99.56
9 38 53.24
9 61 93.1
9 28 62.0
9 47 52.43
9 41 33.05
9 40 61.98
9 73 73.99
9 27 94.15
9 54 29.3
9 76 93.06
9 75 91.77
9 49 77.58
9 60 2.75
9 85 84.2
9 79 33.68
9 70 64.85
9 92 6.46
9 74 79.77
9 45 71.46
10 1 4.39
10 5 91.06
10 8 83.16
10 7 58.74
10 54 76.2
10 15 72.77
10 6 21.83
10 2 51.65
10 22 80.86
10 40 83.76
10 14 30.77
10 4 83.8
10 55 21.57
10 38 81.19
10 12 56.44
10 36 69.04
10 43 47.4
10 21 80.17
10 30 85.28
10 25 8.05
10 59 11.1
10 57 25.77
10 42 72.51
10 56 9.57
10 46 70.75
10 29 40.55
10 35 25.98
10 39 19.97
10 48 40.13
10 78 11.77
10 72 25.06
10 60 61.01
10 52 56.05
10 47 86.47
10 89 34.61
10 70 90.38
10 80 62.04
10 93 60.51
10 84 4.29
10 68 15.12
10 87 21.56
10 99 95.95
10 69 93.42
11 17 28.68
11 3 59.98
11 5 22.14
11 2 92.52
11 1 55.76
11 41 41.2
11 18 60.88
11 36 15.49
11 53 91.67
11 33 68.66
11 9 31.98
11 20 97.83
11 6 12.43
11 10 84.07
11 19 72.82
11 37 31.48
11 34 83.74
11 57 51.12
11 12 6.61
11 46 53.51
11 23 4.51
11 42 98.06
11 49 61.6
11 30 92.12
11 63 36.47
11 47 66.51
11 68 17.14
11 58 82.16
11 61 71.18
11 31 84.07
11 64 0.21
11 90 60.82
11 60 65.55
11 67 98.38
11 80 56.75
11 65 0.76
11 92 14.88
11 70 75.68
11 71 23.13
11 86 30.59
11 84 60.55
11 76 7.05
11 55 56.73
11 44 58.9
12 0 86.1
12 9 47.24
12 19 15.16
12 41 54.0
12 6 41.48
12 2 52.83
12 26 40.24
12 33 22.71
12 13 51.9
12 28 48.09
12 8 13.01
12 31 99.1
12 5 70.55
12 23 18.33
12 34 34.67
12 15 48.92
12 7 9.24
12 36 67.23
12 46 62.59
12 35 74.34
12 43 22.94
12 30 69.4
12 59 30.0
12 51 78.91
12 29 32.42
12 45 95.71
12 42 68.81
12 49 5.91
12 54 50.98
12 62 3.33
12 55 59.12
12 71 82.3
12 39 61.35
12 61 51.29
12 74 55.89
12 50 60.75
12 64 20.92
12 90 46.1
12 60 51.93
12 82 71.65
13 2 30.71
13 1 39.84
13 18 63.98
13 24 48.5
13 10 46.37
13 7 65.23
13 35 18.09
13 20 64.59
13 23 27.34
13 22 95.03
13 25 61.22
13 34 7.4
13 14 89.63
13 21 35.96
13 37 39.65
13 28 79.99
13 36 1.22
13 9 90.42
13 43 35.67
13 29 54.26
13 48 58.42
13 53 81.99
13 38 65.27
13 26 64.25
13 40 68.92
13 75 87.22
13 45 60.94
13 11 34.15
13 32 73.08
13 71 40.54
13 68 97.0
13 98 60.67
13 77 18.51
13 89 96.45
13 80 47.32
13 72 61.44
13 73 21.75
13 82 56.4
13 92 12.61
13 67 68.91
14 1 60.8
14 16 57.97
14 4 6.4
14 3 48.66
14 11 7.05
14 12 48.44
14 18 92.27
14 30 52.16
14 17 49.46
14 27 43.44
14 6 27.09
14 51 93.91
14 26 63.82
14 37 19.76
14 24 73.91
14 36 28.69
14 29 10.46
14 31 29.81
14 60 93.8
14 35 70.21
14 28 13.87
14 52 54.64
14 58 26.34
14 42 76.76
14 48 24.39
14 71 91.32
14 55 53.99
14 74 99.21
14 68 62.83
14 64 90.79
14 21 12.7
14 54 16.75
14 56 21.91
14 59 94.44
14 70 52.55
14 76 62.03
14 78 29.74
14 95 92.95
14 44 13.88
14 65 89.89
14 86 75.95
14 69 77.83
14 80 31.6
14 89 76.13
15 1 37.72
15 22 44.39
15 3 59.27
15 4 93.85
15 2 36.5
15 11 27.07
15 14 22.8
15 0 89.25
15 25 83.47
15 6 70.79
15 44 58.59
15 21 63.49
15 13 37.17
15 18 2.12
15 8 48.84
15 28 0.46
15 27 61.18
15 58 91.83
15 19 84.39
15 87 75.52
15 32 61.89
15 26 47.48
15 30 59.47
15 51 68.32
15 54 7.42
15 48 74.99
15 41 44.25
15 52 70.68
15 46 39.25
15 53 85.76
15 49 10.14
15 63 96.73
15 88 18.9
15 61 19.5
15 75 65.13
15 73 89.3
15 56 65.83
15 84 71.65
15 71 70.73
15 85 6.85
15 94 81.64
16 15 32.25
16 42 5.95
16 6 71.53
16 11 5.42
16 25 93.13
16 2 67.88
16 10 86.59
16 5 35.91
16 30 47.43
16 3 74.58
16 24 44.03
16 22 38.06
16 33 67.71
16 12 43.95
16 13 46.22
16 53 84.03
16 21 95.82
16 8 44.1
16 35 30.69
16 40 80.83
16 63 23.05
16 32 68.19
16 49 45.46
16 62 80.44
16 81 68.72
16 48 60.87
16 60 23.66
16 75 16.65
16 52 49.71
16 44 55.06
16 27 58.92
16 59 77.07
16 83 61.11
16 78 59.17
16 79 11.71
16 55 55.43
16 89 35.79
16 86 71.55
16 76 63.56
16 67 97.81
16 70 83.38
16 68 51.26
16 80 4.8
16 77 70.09
16 41 92.99
17 16 48.5
17 4 55.86
17 3 82.38
17 13 66.24
17 5 92.03
17 22 67.37
17 49 14.4
17 15 70.82
17 9 80.73
17 10 53.86
17 44 9.11
17 0 91.19
17 38 37.8
17 12 22.17
17 28 70.18
17 31 80.19
17 50 5.31
17 55 54.5
17 46 44.36
17 30 98.78
17 37 75.29
17 48 6.82
17 87 30.06
17 51 87.06
17 40 98.2
17 43 69.44
17 61 88.87
17 25 95.88
17 39 65.89
17 53 94.55
17 57 64.62
17 77 64.76
17 60 25.46
17 70 32.58
17 65 11.33
17 78 54.14
17 69 75.07
17 81 59.37
17 80 57.37
17 73 34.64
17 59 70.48
17 47 7.88
17 63 79.24
18 2 73.18
18 21 50.94
18 7 30.71
18 10 84.15
18 16 78.87
18 23 67.88
18 12 60.19
18 37 21.52
18 0 52.87
18 34 71.36
18 27 30.75
18 20 22.0
18 17 86.26
18 38 72.02
18 49 77.37
18 28 99.66
18 53 72.35
18 48 8.64
18 39 16.17
18 63 29.58
18 26 14.08
18 56 67.88
18 42 89.71
18 30 87.98
18 43 99.14
18 85 62.64
18 54 44.98
18 52 42.37
18 57 59.32
18 61 63.67
18 51 49.16
18 55 77.72
18 65 79.77
18 98 3.71
18 70 2.42
18 77 42.16
18 79 87.73
18 99 96.05
18 72 20.5
18 36 86.73
18 9 67.22
19 3 20.21
19 7 35.68
19 17 72.53
19 2 27.38
19 14 55.96
19 5 4.52
19 13 58.94
19 33 77.39
19 26 63.24
19 23 14.78
19 41 18.21
19 18 74.91
19 10 49.23
19 16 43.17
19 22 29.3
19 44 20.55
19 45 87.7
19 25 33.5
19 48 30.42
19 43 4.45
19 63 38.47
19 40 23.88
19 36 61.48
19 46 11.99
19 61 20.16
19 62 45.16
19 20 24.44
19 69 21.72
19 39 12.03
19 66 6.23
19 8 59.6
19 73 1.26
19 84 4.76
19 67 37.84
19 50 66.76
19 64 64.06
19 98 96.58
19 72 26.66
19 75 62.21
19 57 18.44
19 99 4.92
19 70 69.07
19 55 43.9
20 9 98.98
20 3 50.74
20 10 24.68
20 14 35.08
20 16 12.33
20 12 51.74
20 34 21.65
20 17 96.67
20 26 15.55
20 15 84.37
20 36 20.71
20 23 72.37
20 33 78.7
20 56 89.88
20 42 31.97
20 37 83.06
20 32 49.38
20 40 64.11
20 39 96.78
20 21 11.24
20 50 9.13
20 45 7.05
20 74 50.98
20 88 69.08
20 84 69.38
20 29 75.13
20 71 85.02
20 46 22.54
20 63 30.06
20 75 5.21
20 38 58.01
20 60 70.19
20 47 67.69
20 51 66.23
20 52 41.28
20 86 8.36
20 64 0.4
20 78 25.81
20 70 37.54
20 77 19.21
20 94 22.68
20 76 71.78
20 48 0.5
21 3 68.14
21 25 45.7
21 31 68.4
21 1 56.35
21 35 25.21
21 8 77.17
21 12 95.86
21 5 79.49
21 19 60.06
21 11 88.62
21 33 63.74
21 34 17.4
21 17 72.51
21 39 74.59
21 24 38.64
21 9 84.26
21 56 69.74
21 28 91.68
21 40 87.12
21 36 67.19
21 23 30.19
21 45 17.67
21 59 95.75
21 64 86.31
21 43 29.0
21 49 62.06
21 47 41.54
21 46 46.28
21 44 85.47
21 69 74.99
21 77 73.04
21 72 57.05
21 51 40.96
21 78 14.1
21 84 83.46
21 73 53.34
21 75 71.78
21 83 6.4
21 62 67.92
22 1 66.61
22 39 23.58
22 12 48.27
22 65 51.47
22 5 29.35
22 21 11.34
22 11 99.33
22 6 18.48
22 25 99.92
22 4 69.8
22 18 43.4
22 28 66.51
22 58 87.21
22 14 57.78
22 35 16.33
22 34 45.53
22 36 31.78
22 23 7.91
22 56 35.88
22 26 9.07
22 53 56.15
22 41 66.25
22 54 87.97
22 69 99.71
22 20 95.43
22 50 28.36
22 81 28.65
22 60 17.15
22 48 62.56
22 52 90.33
22 68 50.79
22 63 15.84
22 70 57.99
22 74 44.26
22 98 4.05
22 62 68.88
23 4 58.85
23 17 59.43
23 15 2.64
23 40 92.76
23 10 21.28
23 8 41.43
23 32 56.44
23 0 95.67
23 29 39.99
23 16 68.15
23 27 66.39
23 9 81.17
23 37 23.46
23 41 31.36
23 14 53.21
23 39 62.38
23 31 5.92
23 28 99.1
23 24 43.34
23 81 40.76
23 44 15.14
23 47 12.16
23 53 38.86
23 43 30.49
23 67 2.2
23 26 65.06
23 38 65.82
23 63 82.79
23 51 24.21
23 61 13.22
23 50 73.76
23 98 73.46
23 49 83.4
23 72 12.04
23 84 21.86
23 76 14.83
24 7 8.62
24 11 20.24
24 19 25.12
24 12 83.4
24 1 42.52
24 2 47.18
24 20 1.69
24 25 27.41
24 10 4.92
24 34 49.25
24 0 27.43
24 15 32.23
24 6 82.83
24 66 30.09
24 22 66.08
24 44 75.31
24 30 62.22
24 58 64.28
24 49 95.63
24 18 36.07
24 53 37.2
24 56 75.06
24 17 80.24
24 39 29.83
24 41 80.37
24 28 34.66
24 91 26.37
24 50 25.3
24 62 92.78
24 59 67.91
24 45 56.85
24 78 18.17
24 47 83.74
24 48 59.16
24 72 34.69
24 96 61.86
24 74 57.2
25 8 64.07
25 9 96.96
25 18 40.75
25 5 82.84
25 3 66.93
25 0 75.62
25 2 93.3
25 11 40.29
25 33 1.77
25 20 51.86
25 37 8.66
25 14 7.81
25 31 22.85
25 4 51.37
25 45 36.26
25 23 99.81
25 49 19.04
25 12 2.33
25 50 18.21
25 30 1.09
25 34 56.33
25 40 44.49
25 63 34.27
25 47 46.23
25 66 88.87
25 67 97.12
25 57 28.83
25 68 80.02
25 73 43.88
25 94 60.5
25 61 12.45
25 87 35.37
25 75 4.94
25 65 66.63
25 90 29.82
25 60 0.04
25 85 67.94
25 77 86.09
25 82 73.74
25 80 53.97
25 71 70.33
25 96 63.01
25 83 64.55
25 53 11.03
26 2 23.96
26 10 61.64
26 11 90.6
26 7 32.38
26 17 49.28
26 24 81.63
26 29 89.38
26 16 67.72
26 27 7.14
26 8 32.32
26 4 9.18
26 52 57.68
26 3 53.2
26 34 40.87
26 21 55.2
26 67 25.44
26 25 72.52
26 42 37.63
26 51 43.13
26 39 59.78
26 33 11.42
26 40 3.98
26 46 20.78
26 66 54.02
26 76 56.93
26 32 23.22
26 30 81.77
26 38 43.1
26 55 34.32
26 68 8.14
26 59 41.84
26 60 96.73
26 61 54.64
26 75 10.82
26 88 39.33
26 83 77.3
26 65 56.73
27 22 90.6
27 29 63.24
27 6 5.26
27 0 53.46
27 4 69.7
27 19 13.91
27 38 55.4
27 47 44.63
27 31 27.95
27 12 72.01
27 13 72.64
27 21 70.98
27 73 60.88
27 25 39.2
27 11 0.07
27 1 64.65
27 35 71.9
27 10 12.18
27 66 17.7
27 42 63.48
27 24 7.98
27 36 11.4
27 58 10.58
27 20 6.23
27 67 45.72
27 55 13.94
27 32 35.17
27 33 72.43
27 50 53.16
27 64 43.23
27 63 42.06
27 78 39.15
27 51 4.51
27 17 0.19
27 74 67.25
27 90 0.06
27 85 91.4
27 86 36.04
27 59 13.97
27 68 15.06
27 65 33.11
27 72 71.94
27 77 62.33
27 83 29.79
28 1 27.76
28 16 70.89
28 11 75.53
28 0 19.52
28 26 33.96
28 19 31.86
28 5 61.11
28 3 31.7
28 10 34.26
28 25 65.09
28 41 77.68
28 62 59.14
28 38 69.55
28 47 24.94
28 20 27.66
28 51 15.05
28 54 78.77
28 42 7.66
28 70 93.09
28 31 68.42
28 27 35.28
28 30 41.91
28 50 19.88
28 46 21.56
28 61 14.0
28 48 98.98
28 37 88.17
28 43 10.07
28 52 61.93
28 58 36.13
28 76 50.41
28 75 39.56
28 71 18.26
28 39 53.02
28 84 36.82
28 74 5.64
28 65 77.87
28 98 87.41
28 56 62.54
28 77 42.53
28 93 32.46
28 64 17.23
28 83 38.92
29 7 79.22
29 15 4.16
29 25 57.1
29 3 56.19
29 21 68.5
29 0 83.57
29 9 41.94
29 19 98.75
29 18 48.78
29 16 6.39
29 17 77.67
29 4 73.36
29 22 33.66
29 34 98.44
29 35 26.72
29 28 90.66
29 24 74.54
29 46 9.93
29 43 21.06
29 49 95.91
29 45 55.9
29 58 31.0
29 56 18.4
29 59 53.89
29 83 49.87
29 61 55.63
29 57 27.21
29 64 49.91
29 75 52.87
29 48 37.7
29 60 19.56
29 78 72.95
29 72 28.25
29 86 32.89
29 73 18.74
29 82 60.68
29 74 83.36
29 68 49.51
29 71 68.98
29 54 61.62
29 66 68.74
29 63 37.92
29 41 36.63
29 11 22.48
30 2 72.63
30 23 71.56
30 3 23.18
30 6 8.13
30 53 3.27
30 1 55.88
30 5 13.68
30 37 75.77
30 13 94.31
30 31 59.48
30 22 11.25
30 21 93.12
30 45 85.3
30 36 27.69
30 19 19.92
30 20 43.88
30 27 37.41
30 58 50.31
30 41 2.51
30 61 64.56
30 29 46.13
30 39 32.27
30 74 54.87
30 40 58.74
30 60 36.99
30 51 89.77
30 46 90.87
30 55 59.26
30 85 70.18
30 69 8.46
30 65 26.25
30 48 90.39
30 83 55.85
30 95 50.25
30 84 29.94
30 67 38.7
30 63 37.2
30 93 70.9
30 70 67.12
30 91 93.59
30 80 93.21
30 52 44.22
30 88 35.28
30 35 85.5
31 4 88.05
31 1 30.32
31 3 11.82
31 13 19.68
31 41 52.09
31 15 32.94
31 5 76.56
31 20 49.91
31 42 16.77
31 19 67.96
31 7 78.87
31 16 26.25
31 32 49.33
31 24 23.36
31 10 10.66
31 18 66.22
31 35 72.38
31 8 13.92
31 43 93.95
31 29 11.77
31 53 96.66
31 66 42.91
31 50 98.74
31 44 12.98
31 33 22.06
31 45 6.68
31 65 88.39
31 71 35.89
31 60 2.31
31 58 12.88
31 80 51.23
31 40 97.79
31 56 69.42
31 79 16.7
31 82 75.45
31 52 15.9
31 74 88.13
31 89 64.11
31 46 8.12
31 26 84.69
31 67 72.63
32 11 67.33
32 24 2.29
32 12 12.1
32 6 39.64
32 8 75.59
32 33 34.98
32 10 34.6
32 22 80.6
32 17 85.43
32 1 74.38
32 28 11.76
32 18 13.53
32 0 52.78
32 19 58.56
32 38 57.23
32 2 16.55
32 30 71.47
32 25 7.51
32 29 54.8
32 42 67.24
32 14 61.27
32 61 75.38
32 40 65.6
32 21 81.67
32 57 6.44
32 68 33.78
32 35 29.71
32 74 90.87
32 55 94.95
32 64 69.75
32 87 46.42
32 78 46.12
32 90 7.37
32 60 5.19
32 50 96.33
32 76 71.33
32 59 44.9
32 91 6.16
32 44 70.52
33 9 38.09
33 10 67.67
33 8 14.89
33 13 30.69
33 2 76.83
33 7 12.92
33 22 99.26
33 0 83.08
33 14 78.06
33 18 30.23
33 23 26.43
33 39 6.24
33 15 5.64
33 38 97.14
33 17 74.73
33 28 12.19
33 30 98.23
33 5 37.26
33 29 75.08
33 24 76.97
33 80 48.29
33 41 47.58
33 57 64.67
33 54 63.36
33 49 33.87
33 55 5.86
33 67 65.56
33 66 37.8
33 47 11.59
33 92 29.61
33 71 24.58
33 59 79.32
33 78 77.02
33 77 82.81
33 82 87.22
33 65 67.48
34 17 55.97
34 1 27.89
34 3 99.52
34 0 67.08
34 16 34.26
34 31 15.08
34 14 6.62
34 10 66.02
34 9 13.79
34 27 26.96
34 78 1.76
34 2 54.32
34 28 86.68
34 46 34.75
34 37 55.51
34 19 15.77
34 30 45.36
34 66 28.22
34 23 27.37
34 81 79.97
34 45 26.35
34 40 70.32
34 87 0.23
34 53 60.47
34 15 38.26
34 52 80.86
34 70 3.97
34 48 11.51
34 47 33.18
34 33 18.54
34 39 36.16
34 32 85.48
34 90 80.87
34 60 97.0
34 75 5.71
34 65 96.54
34 68 40.14
34 72 99.14
34 92 29.91
34 77 46.28
34 73 8.4
34 71 59.11
34 61 36.26
34 98 91.21
34 55 91.47
34 62 11.93
35 0 14.65
35 5 60.09
35 7 13.79
35 26 60.97
35 11 23.24
35 23 38.49
35 20 15.93
35 38 11.5
35 17 1.66
35 47 29.68
35 19 63.08
35 44 95.33
35 8 98.24
35 41 55.99
35 15 28.33
35 33 27.06
35 25 35.21
35 34 79.99
35 73 57.96
35 24 84.14
35 28 58.7
35 50 14.82
35 18 36.92
35 43 86.86
35 65 74.06
35 54 83.41
35 45 66.56
35 76 26.28
35 56 57.13
35 42 84.64
35 39 78.97
35 83 79.11
35 86 40.52
35 69 9.78
35 99 24.81
35 88 11.26
35 70 83.33
35 98 49.9
35 67 67.7
35 72 8.09
35 94 45.17
35 60 88.19
35 68 9.57
35 77 7.48
35 64 7.16
35 52 17.2
35 71 58.46
35 63 27.73
35 84 65.15
35 61 92.44
35 62 15.43
36 1 4.76
36 5 44.2
36 34 58.11
36 3 69.61
36 4 72.7
36 17 3.51
36 28 77.8
36 0 26.03
36 32 0.44
36 23 83.57
36 35 28.75
36 25 29.28
36 26 38.28
36 15 80.64
36 16 78.64
36 50 41.19
36 31 57.18
36 42 43.96
36 43 22.08
36 33 24.06
36 24 94.95
36 7 1.82
36 46 60.6
36 82 20.51
36 38 28.63
36 99 63.57
36 83 55.98
36 65 47.02
36 94 35.82
36 56 83.15
36 86 81.58
36 54 28.32
36 73 6.93
36 69 58.3
36 74 68.09
36 76 1.33
36 57 72.08
36 62 60.2
36 58 69.59
36 29 23.61
36 48 68.32
36 53 5.09
36 61 87.36
36 67 77.05
37 15 26.64
37 1 16.08
37 0 34.25
37 12 55.07
37 24 32.27
37 43 41.85
37 10 55.53
37 32 98.62
37 2 74.78
37 16 66.92
37 21 99.69
37 52 37.04
37 19 20.04
37 26 24.35
37 27 20.93
37 6 71.83
37 9 52.37
37 31 96.48
37 50 60.41
37 22 43.89
37 39 40.98
37 36 96.09
37 54 80.81
37 49 54.11
37 33 23.69
37 35 30.44
37 66 18.06
37 57 71.07
37 46 33.54
37 48 4.41
37 65 27.94
37 64 9.55
37 94 52.04
37 73 10.43
37 62 27.58
37 44 55.69
37 71 70.66
37 75 19.71
37 53 46.88
37 67 5.21
37 29 8.69
38 14 91.12
38 15 63.09
38 8 39.29
38 34 78.85
38 5 38.47
38 37 52.78
38 16 66.08
38 0 10.37
38 21 5.23
38 29 87.91
38 11 47.55
38 3 78.44
38 4 54.51
38 12 55.51
38 25 32.21
38 22 41.78
38 19 0.04
38 43 14.33
38 39 87.97
38 24 13.5
38 31 36.18
38 57 57.25
38 30 5.19
38 56 60.63
38 54 11.64
38 44 93.24
38 6 71.64
38 92 63.47
38 48 49.81
38 78 6.48
38 63 52.78
38 74 1.6
38 96 77.49
38 79 13.79
38 52 51.24
38 68 74.52
38 85 5.08
38 41 37.46
39 1 12.84
39 11 61.93
39 29 48.33
39 13 22.92
39 15 65.85
39 9 37.01
39 8 99.62
39 32 45.33
39 4 25.93
39 6 80.8
39 36 8.42
39 57 63.03
39 25 91.11
39 14 35.84
39 16 35.39
39 27 3.69
39 45 52.92
39 42 28.39
39 31 40.49
39 7 63.02
39 41 4.59
39 46 86.8
39 51 13.56
39 52 88.44
39 43 28.31
39 90 70.68
39 53 91.82
39 71 89.65
39 78 64.19
39 65 51.07
39 84 69.66
39 87 18.38
39 64 68.1
39 83 38.16
39 72 47.81
39 54 43.38
39 89 38.37
39 67 31.6
39 56 34.88
39 47 32.67
39 74 61.94
39 63 91.58
39 40 50.2
40 0 61.07
40 12 94.59
40 27 28.2
40 7 10.14
40 11 34.78
40 8 60.95
40 36 25.09
40 35 16.89
40 55 75.42
40 14 98.05
40 48 36.62
40 72 95.19
40 29 16.16
40 54 91.63
40 33 44.25
40 22 25.43
40 24 57.25
40 18 17.92
40 43 82.8
40 51 20.73
40 41 46.98
40 73 87.68
40 38 49.09
40 15 50.86
40 74 9.5
40 28 10.91
40 52 76.85
40 57 90.55
40 47 67.43
40 66 67.85
40 90 52.73
40 99 83.87
40 92 30.67
40 94 28.98
40 93 33.6
40 70 8.27
40 56 20.87
40 37 43.03
40 84 29.12
40 69 15.02
40 60 90.32
41 1 87.06
41 18 84.3
41 5 98.28
41 26 10.81
41 14 35.34
41 13 28.98
41 4 59.3
41 7 88.48
41 10 39.89
41 2 39.69
41 3 17.52
41 50 56.22
41 61 84.36
41 27 37.45
41 36 55.48
41 17 39.18
41 21 71.06
41 32 97.27
41 45 68.95
41 53 41.88
41 42 31.34
41 20 7.14
41 25 35.5
41 48 80.85
41 75 92.4
41 49 85.28
41 60 25.62
41 72 89.37
41 98 58.12
41 81 47.34
41 64 28.44
41 73 39.57
41 51 37.18
41 65 50.53
41 78 53.29
41 93 64.63
41 85 0.95
41 70 4.52
41 54 28.22
41 91 17.95
41 92 13.79
41 43 81.84
41 69 53.17
41 86 39.29
41 34 46.27
41 37 57.39
41 55 79.91
41 57 6.65
42 15 3.68
42 3 27.51
42 9 2.69
42 6 5.19
42 4 54.1
42 25 34.51
42 13 97.36
42 17 93.77
42 2 14.71
42 5 46.8
42 24 46.09
42 33 98.71
42 29 24.62
42 23 46.95
42 19 58.29
42 38 14.19
42 43 70.33
42 37 56.46
42 30 80.09
42 53 52.56
42 46 78.65
42 34 13.85
42 40 97.35
42 49 34.25
42 22 70.13
42 75 90.68
42 92 32.02
42 65 95.92
42 47 62.71
42 87 56.85
42 59 26.83
42 61 24.85
42 60 92.05
42 72 9.88
42 67 97.23
42 51 9.03
42 98 60.7
42 85 79.47
42 21 50.55
42 76 91.69
42 57 88.38
42 52 13.57
42 64 13.04
43 15 73.21
43 24 94.36
43 1 0.1
43 2 53.28
43 27 70.71
43 8 22.55
43 3 12.45
43 9 89.28
43 11 83.81
43 4 95.83
43 52 73.1
43 32 95.15
43 34 75.79
43 49 68.04
43 20 25.91
43 46 47.71
43 83 5.37
43 25 94.31
43 30 6.67
43 26 68.28
43 16 1.91
43 14 12.54
43 22 10.67
43 33 61.36
43 60 97.18
43 74 60.45
43 75 66.5
43 59 23.13
43 44 69.68
43 84 11.52
43 81 28.37
43 50 21.69
43 73 35.04
43 54 15.84
43 85 67.74
43 57 11.11
43 53 53.99
43 64 48.69
43 87 83.08
43 51 67.22
44 3 24.22
44 26 24.84
44 2 58.03
44 13 81.89
44 22 23.92
44 1 19.71
44 28 33.35
44 27 59.59
44 12 5.95
44 18 43.02
44 39 32.39
44 20 11.88
44 34 8.65
44 10 34.32
44 36 40.72
44 40 49.95
44 54 61.96
44 74 1.38
44 78 0.39
44 64 50.52
44 90 33.8
44 52 3.25
44 84 95.83
44 45 59.22
44 95 65.28
44 61 25.76
44 73 77.81
44 47 88.93
44 67 37.55
44 50 51.87
44 29 78.7
44 33 7.36
44 57 45.46
44 91 6.75
44 55 47.25
44 42 87.83
44 81 51.31
44 53 19.72
44 41 36.1
44 72 86.18
44 66 99.29
44 30 25.88
44 56 52.37
44 49 8.01
44 25 51.88
45 6 72.52
45 10 20.07
45 1 52.09
45 14 79.13
45 37 66.85
45 7 32.17
45 62 77.49
45 15 62.21
45 23 32.99
45 17 50.31
45 16 62.27
45 66 68.33
45 11 46.48
45 43 73.58
45 27 82.89
45 18 98.81
45 33 70.61
45 42 33.05
45 28 74.39
45 26 56.28
45 32 52.76
45 40 73.33
45 36 22.55
45 56 71.08
45 70 80.61
45 89 24.81
45 60 40.65
45 69 28.18
45 78 34.53
45 46 13.17
45 74 78.09
45 57 76.94
45 71 97.34
45 52 29.0
45 38 6.29
45 54 61.87
45 61 1.62
45 22 5.09
46 1 74.92
46 13 25.31
46 0 32.11
46 4 3.19
46 3 3.72
46 25 73.27
46 38 8.29
46 16 21.68
46 9 82.06
46 22 59.4
46 32 66.79
46 2 14.98
46 23 82.1
46 27 70.75
46 14 79.96
46 35 13.22
46 24 49.86
46 33 64.83
46 40 98.84
46 69 79.48
46 8 94.39
46 57 17.57
46 48 73.59
46 60 50.53
46 55 23.72
46 78 22.08
46 44 70.73
46 63 88.02
46 52 52.46
46 83 17.11
46 67 93.01
46 65 45.33
46 70 35.82
46 50 18.51
46 51 31.0
46 61 49.74
46 54 19.86
46 41 4.15
46 18 59.4
46 53 56.11
47 15 66.47
47 18 84.86
47 4 7.28
47 41 28.17
47 29 91.23
47 32 54.58
47 2 45.59
47 1 3.28
47 19 95.68
47 56 26.57
47 38 3.41
47 12 38.05
47 13 17.09
47 67 47.05
47 14 33.98
47 37 2.17
47 43 6.72
47 45 57.07
47 22 88.78
47 16 76.8
47 53 21.73
47 65 21.55
47 60 32.86
47 69 69.44
47 61 31.85
47 83 83.04
47 70 79.21
47 98 30.79
47 58 70.67
47 51 0.61
47 95 82.59
47 46 87.47
47 50 78.85
47 89 34.01
47 30 3.88
47 68 81.62
47 64 61.78
47 76 52.64
47 26 60.79
47 31 72.03
47 36 6.64
47 8 80.35
48 3 12.02
48 6 29.37
48 5 41.94
48 12 93.86
48 11 82.21
48 9 52.16
48 31 5.72
48 32 12.93
48 35 33.44
48 27 40.42
48 8 75.52
48 7 65.99
48 26 24.09
48 42 43.45
48 21 62.7
48 23 38.22
48 55 94.83
48 70 53.44
48 71 89.15
48 84 72.7
48 45 83.79
48 51 88.91
48 88 22.72
48 68 10.84
48 39 91.38
48 77 46.39
48 75 47.02
48 59 95.98
48 49 24.82
48 76 60.13
48 53 75.71
48 60 89.34
48 43 11.04
48 66 23.52
48 83 72.69
48 44 55.49
48 72 73.51
48 81 95.84
48 33 67.66
48 63 31.95
48 52 86.22
48 25 4.87
49 14 31.02
49 7 89.37
49 1 96.42
49 0 33.17
49 32 18.23
49 13 24.37
49 28 10.54
49 20 93.97
49 26 2.63
49 3 68.77
49 19 47.9
49 10 74.5
49 27 72.63
49 35 8.07
49 34 95.46
49 66 19.86
49 31 50.77
49 73 35.28
49 50 88.8
49 22 41.32
49 39 95.79
49 51 84.76
49 47 70.59
49 45 99.98
49 40 75.9
49 52 11.61
49 82 47.78
49 79 41.7
49 46 27.86
49 54 41.68
49 72 93.53
49 57 99.31
49 74 35.17
49 89 11.84
49 84 4.36
49 67 34.34
49 38 35.75
49 36 67.53
50 2 35.44
50 15 8.6
50 10 38.07
50 14 17.09
50 0 75.36
50 30 54.6
50 21 75.15
50 16 8.28
50 34 59.26
50 3 23.94
50 11 69.62
50 45 30.92
50 38 27.03
50 26 40.97
50 6 27.59
50 57 84.06
50 48 33.92
50 67 84.88
50 39 49.25
50 18 44.26
50 42 35.46
50 13 53.57
50 29 97.16
50 71 92.4
50 87 12.19
50 86 51.69
50 90 69.48
50 40 79.73
50 74 83.55
50 60 14.39
50 72 71.02
50 66 87.29
50 61 28.21
50 84 85.1
50 70 99.67
50 51 57.36
50 80 2.46
50 85 45.79
50 59 62.86
50 54 82.72
50 78 44.46
50 62 56.97
50 73 67.41
50 68 83.33
50 33 63.05
50 89 54.79
51 32 64.79
51 10 27.41
51 9 17.67
51 7 68.56
51 11 54.4
51 4 35.91
51 13 71.44
51 6 7.49
51 19 19.93
51 25 13.69
51 35 10.25
51 16 4.81
51 34 47.56
51 37 79.72
51 58 87.55
51 29 5.92
51 31 77.32
51 24 32.43
51 45 0.31
51 38 40.79
51 57 5.63
51 60 82.08
51 70 9.2
51 65 84.16
51 89 52.67
51 64 37.77
51 36 40.39
51 66 32.32
51 56 20.88
51 72 47.9
51 44 75.29
51 33 59.1
51 94 25.48
51 68 68.25
51 59 83.66
51 54 87.45
51 84 32.04
51 52 42.92
51 62 2.39
51 8 65.32
51 63 57.34
51 91 0.75
51 22 60.51
52 29 7.77
52 12 42.71
52 5 61.28
52 24 68.62
52 33 41.1
52 2 98.3
52 1 60.69
52 13 97.29
52 11 40.94
52 25 66.73
52 23 90.92
52 27 48.46
52 17 37.41
52 6 95.15
52 19 40.14
52 4 90.55
52 50 74.18
52 21 18.65
52 89 97.18
52 71 82.25
52 47 4.28
52 36 85.13
52 65 25.13
52 63 24.6
52 74 18.6
52 88 24.59
52 78 48.79
52 32 0.35
52 59 1.73
52 77 77.28
52 80 80.34
52 76 99.32
52 70 5.67
52 64 13.62
52 53 16.87
52 41 42.32
53 10 84.48
53 7 44.74
53 2 18.15
53 4 0.61
53 1 24.66
53 38 62.37
53 5 82.32
53 21 52.75
53 14 67.24
53 28 46.23
53 19 66.13
53 32 44.95
53 12 34.8
53 20 33.52
53 35 46.56
53 45 15.61
53 27 94.24
53 33 48.65
53 60 41.87
53 51 7.85
53 90 44.48
53 82 61.5
53 78 66.27
53 49 23.32
53 50 86.6
53 86 78.52
53 67 37.89
53 80 26.95
53 71 48.64
53 40 73.61
53 26 42.23
53 64 22.46
53 63 21.22
53 61 2.38
53 29 86.5
53 0 48.4
54 5 37.74
54 1 91.81
54 11 43.46
54 19 6.12
54 13 59.06
54 31 4.58
54 27 93.03
54 17 77.9
54 20 14.58
54 32 6.69
54 16 35.58
54 26 64.89
54 34 41.23
54 30 91.15
54 4 83.84
54 23 65.88
54 83 78.89
54 47 80.42
54 59 24.85
54 52 46.38
54 75 29.66
54 61 61.18
54 58 36.7
54 81 92.61
54 73 74.83
54 88 38.44
54 77 51.42
54 24 98.07
54 70 43.45
54 76 34.85
54 21 65.84
54 53 7.59
54 25 56.32
54 42 41.52
54 72 71.01
54 63 27.43
54 2 96.51
54 6 5.08
55 1 52.08
55 7 4.09
55 15 47.6
55 35 18.52
55 28 42.7
55 9 38.29
55 22 24.65
55 37 76.19
55 23 10.48
55 8 16.2
55 38 81.97
55 20 89.93
55 13 1.39
55 36 4.87
55 42 72.11
55 25 40.26
55 47 76.88
55 74 30.69
55 77 65.58
55 92 15.01
55 39 41.02
55 78 41.49
55 98 18.19
55 60 54.98
55 81 96.52
55 50 14.08
55 65 49.0
55 93 33.1
55 64 27.42
55 54 73.58
55 80 69.52
55 70 58.68
55 53 81.94
55 49 95.41
55 69 91.19
55 83 54.07
55 43 56.85
55 52 89.12
55 87 33.8
55 61 96.58
55 2 61.86
55 31 13.65
55 29 1.59
55 45 31.82
55 57 53.71
55 21 85.99
56 5 64.69
56 7 43.62
56 13 6.34
56 12 62.19
56 17 82.19
56 3 3.29
56 26 84.47
56 41 1.02
56 34 35.25
56 6 15.44
56 11 89.88
56 8 25.53
56 19 49.02
56 30 85.67
56 68 19.22
56 27 41.88
56 66 55.2
56 25 3.09
56 55 3.48
56 54 40.45
56 90 9.2
56 82 87.29
56 74 67.86
56 65 57.8
56 70 91.74
56 60 43.3
56 42 2.72
56 50 13.35
56 93 67.76
56 88 56.36
56 33 58.77
56 49 4.93
56 46 53.46
56 37 93.41
56 48 80.19
56 43 82.54
56 32 90.63
56 67 2.45
56 23 14.88
56 52 35.37
56 9 20.87
56 16 14.14
57 16 81.19
57 12 45.28
57 13 23.52
57 7 13.17
57 15 60.83
57 4 25.66
57 31 83.21
57 21 35.49
57 3 59.21
57 27 32.79
57 34 50.94
57 6 36.74
57 35 14.97
57 9 83.55
57 26 40.62
57 24 8.65
57 53 28.79
57 89 68.76
57 69 8.27
57 65 93.33
57 61 99.48
57 22 86.55
57 92 36.4
57 94 33.89
57 85 91.63
57 59 72.57
57 54 66.02
57 56 3.52
57 8 99.41
57 23 47.58
57 66 96.0
57 47 90.6
57 67 90.41
57 48 99.67
57 14 56.53
57 62 99.63
57 28 72.92
57 52 21.7
57 30 21.65
57 74 7.82
57 20 80.07
58 6 27.28
58 13 69.22
58 0 57.9
58 25 84.09
58 38 88.92
58 42 85.54
58 16 1.19
58 35 96.45
58 8 82.01
58 37 41.02
58 12 60.14
58 9 79.61
58 34 97.2
58 55 63.32
58 17 93.34
58 39 87.85
58 53 1.64
58 45 86.86
58 56 82.02
58 86 77.92
58 52 22.17
58 21 28.1
58 4 78.54
58 65 81.67
58 66 89.23
58 61 37.22
58 50 21.61
58 32 64.97
58 18 84.39
58 95 44.4
58 75 61.74
58 70 19.66
58 33 22.28
58 89 48.66
58 41 87.48
58 48 84.39
58 67 92.7
58 57 23.39
58 26 78.12
58 40 54.56
58 23 64.71
58 64 74.03
58 43 84.25
58 49 27.91
58 19 84.04
58 20 9.57
58 87 95.64
58 46 77.15
58 44 35.29
58 10 2.33
59 0 93.15
59 18 22.74
59 7 90.97
59 6 61.79
59 11 17.17
59 9 21.84
59 28 97.77
59 37 74.9
59 20 96.99
59 15 76.21
59 5 23.06
59 19 3.87
59 31 36.97
59 77 89.66
59 74 10.08
59 38 72.54
59 55 43.14
59 78 35.36
59 47 6.31
59 65 44.84
59 49 18.73
59 58 86.16
59 35 23.88
59 25 41.13
59 86 78.53
59 30 43.19
59 23 43.1
59 45 7.56
59 34 71.64
59 40 29.76
59 87 86.02
59 53 28.0
59 61 9.06
59 22 10.83
59 56 63.29
59 13 75.36
59 39 82.3
59 36 4.23
59 63 28.09
59 64 28.66
59 44 26.93
59 46 14.67
59 41 95.34
60 6 8.59
60 27 73.56
60 7 59.74
60 18 7.47
60 19 1.7
60 13 50.06
60 37 36.43
60 36 76.57
60 33 13.01
60 52 35.63
60 8 13.86
60 3 59.4
60 24 95.78
60 28 61.78
60 49 94.43
60 90 35.64
60 39 92.52
60 71 45.3
60 86 94.82
60 54 92.54
60 66 7.09
60 83 32.37
60 65 72.69
60 84 41.59
60 38 16.05
60 70 57.38
60 73 84.65
60 15 82.12
60 21 12.27
60 57 16.1
60 98 68.76
60 92 16.5
60 58 69.07
60 76 49.3
60 69 75.51
60 62 62.28
60 23 60.21
60 94 33.35
60 44 86.91
61 10 53.86
61 8 48.18
61 14 21.48
61 13 67.22
61 1 54.42
61 2 33.82
61 7 29.4
61 3 41.02
61 21 67.33
61 39 81.36
61 24 87.6
61 16 91.15
61 40 60.22
61 20 0.42
61 37 7.48
61 33 85.5
61 74 14.31
61 22 0.6
61 60 47.66
61 49 1.88
61 78 77.0
61 84 61.06
61 38 85.21
61 90 3.68
61 52 91.04
61 75 35.91
61 51 40.05
61 31 83.49
61 85 70.64
61 27 6.02
61 70 64.91
61 77 85.35
61 43 29.37
61 56 30.29
61 48 14.81
62 15 60.87
62 53 60.12
62 2 2.4
62 8 64.42
62 6 44.22
62 5 20.09
62 10 53.99
62 40 43.56
62 17 73.58
62 33 82.8
62 48 70.83
62 78 52.05
62 43 39.58
62 74 41.36
62 68 46.26
62 70 46.02
62 3 70.16
62 42 63.97
62 46 86.55
62 81 33.31
62 71 32.74
62 80 23.13
62 73 44.92
62 41 50.56
62 69 23.51
62 58 5.6
62 54 21.26
62 76 76.66
62 27 93.54
62 59 4.93
62 20 18.15
62 39 7.87
62 52 13.78
62 31 20.36
62 14 19.73
62 38 30.02
62 44 51.32
62 13 69.14
62 84 69.07
62 49 60.11
62 32 10.17
62 25 25.14
62 11 29.89
62 85 34.55
62 55 18.4
62 23 48.98
62 18 77.22
62 72 61.85
62 26 99.04
62 64 60.24
62 47 38.45
62 29 54.38
62 30 84.21
62 1 91.74
63 4 3.98
63 26 42.16
63 21 34.75
63 9 11.31
63 3 87.43
63 12 61.78
63 6 74.43
63 24 46.49
63 0 83.62
63 14 15.51
63 50 63.04
63 10 98.14
63 36 84.18
63 92 8.4
63 71 78.07
63 84 14.29
63 28 54.83
63 45 94.78
63 90 39.99
63 66 59.21
63 49 23.45
63 57 12.81
63 83 17.71
63 56 60.59
63 55 30.5
63 60 66.41
63 8 64.62
63 44 55.94
63 32 26.8
63 31 74.01
63 33 82.94
63 37 19.62
63 13 60.27
63 86 77.96
63 78 64.22
63 73 15.75
63 82 23.76
63 41 54.86
63 34 63.02
63 47 48.83
63 42 96.23
63 61 89.16
63 43 93.89
63 40 92.93
63 62 32.05
63 1 42.34
64 2 54.21
64 1 6.0
64 10 10.49
64 6 46.67
64 31 65.95
64 4 4.9
64 18 97.98
64 56 31.87
64 24 36.12
64 22 32.54
64 26 99.54
64 15 86.26
64 16 24.64
64 86 50.99
64 38 61.16
64 66 78.54
64 36 89.25
64 68 68.9
64 17 84.26
64 61 10.21
64 33 20.41
64 25 35.61
64 13 29.18
64 63 12.1
64 50 35.23
64 70 95.49
64 69 51.7
64 57 37.4
64 80 15.76
64 34 35.43
64 23 26.38
64 60 99.46
64 40 44.6
64 9 15.03
64 30 59.88
64 45 1.1
64 49 35.76
64 48 18.08
65 19 82.24
65 7 85.29
65 5 68.63
65 13 1.59
65 23 9.02
65 15 78.64
65 10 71.54
65 40 77.62
65 6 23.07
65 9 65.89
65 70 30.93
65 78 89.06
65 75 32.09
65 24 1.63
65 68 97.98
65 61 92.69
65 83 96.65
65 74 19.7
65 45 82.18
65 64 74.02
65 32 28.71
65 29 56.71
65 88 3.43
65 20 79.84
65 50 87.81
65 53 93.63
65 54 91.0
65 62 50.45
65 63 53.76
65 21 88.26
65 16 61.48
65 8 69.15
65 43 61.52
65 91 73.7
65 38 65.94
65 66 70.13
65 12 40.62
65 49 64.2
65 48 39.0
66 6 11.5
66 11 4.23
66 16 15.69
66 5 32.32
66 15 54.73
66 4 91.51
66 36 36.75
66 14 52.83
66 35 27.24
66 10 47.64
66 18 86.69
66 17 26.13
66 28 17.57
66 12 17.1
66 22 97.96
66 21 44.32
66 39 0.89
66 43 36.32
66 53 2.08
66 47 95.93
66 74 28.49
66 61 24.83
66 52 57.41
66 68 46.96
66 38 10.52
66 54 0.4
66 13 83.94
66 95 88.56
66 59 50.83
66 96 74.92
66 41 7.72
66 76 70.66
66 30 37.11
66 9 51.18
66 69 4.48
66 62 2.16
66 46 43.04
66 81 73.12
66 32 37.39
66 67 66.62
66 2 84.43
66 23 36.63
66 0 90.06
66 20 55.07
67 12 3.48
67 2 52.47
67 5 89.73
67 7 10.27
67 28 31.35
67 18 67.02
67 3 6.58
67 34 2.62
67 17 50.96
67 0 22.22
67 20 72.17
67 10 50.01
67 24 56.42
67 90 51.25
67 75 13.72
67 65 49.29
67 79 21.01
67 89 32.15
67 61 94.34
67 8 67.08
67 22 18.68
67 76 2.53
67 60 87.85
67 52 10.24
67 32 93.42
67 85 84.83
67 15 60.43
67 29 25.08
67 78 65.88
67 93 27.0
67 59 27.45
67 51 0.09
67 71 32.14
67 14 90.45
67 45 96.47
67 41 24.72
67 40 26.67
67 21 6.01
67 64 69.41
67 54 27.73
67 55 61.41
67 43 64.52
67 48 84.69
67 83 78.72
67 63 80.79
67 1 53.7
67 38 69.3
68 9 86.5
68 3 90.46
68 4 50.19
68 12 12.3
68 41 85.37
68 21 96.68
68 24 61.56
68 20 26.26
68 18 69.29
68 19 56.71
68 23 42.95
68 92 69.12
68 70 28.15
68 60 30.53
68 28 53.22
68 36 77.4
68 6 55.27
68 52 22.32
68 79 83.37
68 98 12.93
68 17 47.58
68 72 44.08
68 37 66.23
68 59 57.66
68 42 52.36
68 15 67.17
68 78 54.51
68 39 60.76
68 33 54.2
68 46 93.53
68 30 1.1
68 63 49.03
68 74 37.79
68 61 27.22
68 57 86.25
68 49 8.33
68 43 44.01
68 55 44.21
68 45 77.97
68 58 14.09
68 54 73.0
68 44 46.39
68 31 74.09
68 40 71.28
68 2 8.64
68 7 46.16
68 90 33.11
68 53 74.22
68 1 15.29
68 8 89.74
69 0 93.85
69 1 91.81
69 18 27.62
69 4 71.64
69 5 42.33
69 12 74.76
69 53 80.37
69 16 64.59
69 78 23.12
69 65 30.86
69 15 21.51
69 52 13.94
69 92 99.43
69 28 5.42
69 74 15.68
69 67 6.62
69 84 51.92
69 49 66.83
69 42 48.56
69 27 72.99
69 20 16.78
69 59 20.01
69 34 93.72
69 38 31.86
69 33 33.0
69 51 26.06
69 13 39.61
69 25 80.87
69 8 46.79
69 85 67.35
69 29 35.37
69 58 16.53
69 43 75.22
69 56 87.33
69 26 36.03
69 9 50.77
69 61 18.28
69 63 76.04
69 68 22.98
69 48 91.68
69 24 92.49
69 31 10.01
69 50 77.29
69 76 58.3
69 11 55.65
69 2 93.21
69 37 53.45
69 32 34.4
69 23 40.28
69 44 95.79
69 39 16.03
69 54 95.95
70 38 46.67
70 0 54.06
70 43 59.66
70 3 2.5
70 13 33.84
70 25 76.34
70 23 14.66
70 1 25.52
70 27 29.09
70 15 1.88
70 8 87.35
70 12 54.39
70 57 51.01
70 78 92.6
70 49 41.55
70 36 30.39
70 24 96.71
70 74 37.88
70 98 30.41
70 33 33.11
70 44 91.24
70 81 36.37
70 80 28.92
70 63 2.66
70 39 11.12
70 42 61.56
70 37 30.53
70 21 24.4
70 59 39.12
70 31 62.68
70 66 46.47
70 69 84.44
70 67 91.35
70 32 15.01
70 86 68.9
70 26 66.58
70 29 49.48
71 19 27.17
71 21 92.39
71 18 5.58
71 9 25.18
71 4 25.16
71 1 85.99
71 26 54.6
71 5 2.49
71 24 92.23
71 49 25.72
71 51 74.07
71 78 44.08
71 86 67.53
71 90 31.5
71 40 7.58
71 61 65.26
71 68 13.06
71 23 86.85
71 88 27.89
71 57 40.87
71 73 79.77
71 59 90.69
71 46 39.33
71 36 1.6
71 74 24.94
71 27 42.49
71 41 81.79
71 42 40.96
71 54 24.59
71 76 54.37
71 64 87.16
71 38 54.94
71 44 72.77
71 55 44.28
71 30 34.09
71 10 78.47
71 66 53.52
71 69 48.45
71 43 68.72
71 2 82.66
71 81 60.91
71 16 78.36
71 32 5.75
71 22 96.81
71 3 73.7
71 17 74.74
71 47 3.22
72 2 35.16
72 15 91.79
72 11 21.87
72 20 96.98
72 14 2.03
72 1 38.56
72 60 77.4
72 22 20.61
72 70 60.48
72 65 89.71
72 64 29.96
72 26 38.17
72 28 88.78
72 47 61.26
72 56 65.96
72 36 63.85
72 6 5.4
72 61 18.69
72 46 89.65
72 66 48.16
72 78 21.8
72 58 93.89
72 31 15.46
72 73 90.65
72 63 42.78
72 33 47.31
72 67 77.28
72 52 96.08
72 75 12.86
72 92 34.04
72 17 2.09
72 12 5.44
72 37 41.26
72 53 22.4
72 32 58.11
72 38 82.31
72 45 52.24
72 57 97.14
72 9 11.35
72 5 94.79
72 16 58.08
72 55 30.15
72 3 53.06
73 5 55.54
73 1 81.56
73 20 61.78
73 10 8.53
73 11 41.06
73 14 34.5
73 30 29.33
73 7 27.36
73 16 88.59
73 2 6.94
73 64 22.13
73 28 29.96
73 45 85.53
73 87 29.24
73 12 94.13
73 59 22.45
73 33 81.51
73 79 1.61
73 74 70.65
73 99 5.4
73 65 7.01
73 61 20.33
73 83 44.16
73 67 6.44
73 68 87.03
73 8 49.05
73 51 75.52
73 69 44.48
73 81 20.38
73 23 90.39
73 78 34.04
73 70 30.01
73 47 94.78
73 76 41.4
73 52 90.38
73 31 73.37
73 46 88.77
73 57 36.89
73 18 16.31
73 42 55.08
73 53 36.44
73 66 12.35
73 32 82.05
73 3 76.42
73 56 75.98
73 48 36.43
73 26 51.62
73 58 7.84
73 24 47.89
73 38 76.81
73 39 95.87
73 22 27.0
74 0 50.66
74 15 1.44
74 2 68.33
74 10 24.09
74 5 41.4
74 35 73.22
74 11 91.94
74 16 9.36
74 21 0.24
74 19 69.65
74 37 7.88
74 25 95.01
74 18 72.4
74 85 83.48
74 84 0.79
74 54 67.31
74 33 85.02
74 90 65.55
74 63 16.09
74 83 90.24
74 60 47.1
74 89 13.1
74 79 7.98
74 82 67.83
74 41 44.93
74 48 16.02
74 64 82.33
74 67 78.97
74 75 50.47
74 17 55.7
74 87 55.52
74 26 6.24
74 53 12.76
74 34 82.41
74 72 60.95
74 91 72.35
74 58 8.8
74 23 90.85
74 46 12.82
74 13 46.38
75 11 12.01
75 4 70.53
75 23 65.85
75 1 10.46
75 7 23.49
75 10 87.2
75 12 78.84
75 14 61.19
75 27 43.49
75 35 79.58
75 24 41.74
75 5 89.67
75 60 80.98
75 47 86.49
75 31 92.15
75 33 64.8
75 66 30.22
75 45 21.72
75 83 36.53
75 40 93.7
75 78 23.17
75 55 1.13
75 22 86.97
75 80 79.22
75 68 22.18
75 59 30.41
75 63 96.02
75 86 98.21
75 44 36.41
75 82 78.49
75 79 55.49
75 51 78.07
75 56 82.04
75 71 55.74
75 49 2.15
75 38 3.74
75 92 29.58
75 18 71.76
75 69 58.06
75 30 24.38
75 52 55.57
75 53 86.22
75 73 32.97
75 36 84.52
75 32 75.67
75 17 19.31
75 2 81.12
75 50 31.35
75 57 68.84
76 12 30.35
76 17 90.05
76 7 26.88
76 25 80.93
76 15 35.2
76 41 26.01
76 19 43.92
76 22 14.55
76 24 52.16
76 74 58.95
76 92 57.73
76 51 31.62
76 55 96.62
76 5 79.61
76 56 99.15
76 31 26.85
76 90 3.65
76 50 66.74
76 63 92.92
76 99 22.84
76 83 11.35
76 10 82.52
76 45 68.64
76 81 56.64
76 65 85.55
76 61 81.06
76 72 1.26
76 59 16.09
76 46 48.34
76 49 70.71
76 78 46.78
76 33 71.25
76 57 58.0
76 39 28.96
76 64 44.34
76 38 16.77
76 34 67.94
76 13 9.93
76 98 91.12
76 43 87.37
76 27 93.49
76 8 97.49
76 1 0.6
76 44 7.52
76 18 22.07
76 21 65.51
76 29 49.85
76 58 30.37
76 0 28.83
76 40 66.24
76 4 63.6
76 53 89.38
77 0 20.26
77 26 91.29
77 14 82.19
77 4 75.98
77 8 99.38
77 19 87.41
77 74 37.78
77 6 17.49
77 47 39.17
77 65 30.31
77 9 72.62
77 38 61.64
77 43 6.29
77 39 15.1
77 68 1.29
77 10 44.18
77 94 4.32
77 66 61.24
77 60 96.37
77 42 95.06
77 40 52.63
77 29 92.2
77 75 61.04
77 71 54.57
77 7 43.68
77 73 79.01
77 44 19.01
77 24 70.33
77 50 93.98
77 80 16.55
77 51 32.67
77 53 17.1
77 11 24.0
77 32 42.17
77 57 28.81
77 98 5.23
77 90 45.73
77 83 57.84
77 30 48.82
77 63 71.85
77 45 73.96
77 31 14.64
77 37 44.7
77 62 26.43
77 58 23.08
77 46 71.48
77 41 77.45
77 49 39.37
77 23 51.91
77 36 95.66
77 22 57.1
77 3 93.92
77 1 6.63
77 12 62.82
77 15 95.24
78 6 70.54
78 9 26.34
78 2 64.05
78 19 27.51
78 0 54.25
78 15 43.31
78 37 54.76
78 8 97.61
78 28 81.42
78 1 74.0
78 77 20.31
78 57 78.07
78 48 81.33
78 90 94.78
78 22 60.2
78 92 72.72
78 84 59.95
78 25 60.84
78 81 69.85
78 35 41.47
78 42 55.06
78 80 26.96
78 49 63.92
78 18 91.85
78 58 5.06
78 56 89.4
78 30 75.25
78 64 60.17
78 26 90.37
78 13 14.73
78 43 38.8
78 66 88.95
78 11 0.99
78 3 45.01
78 47 90.22
78 31 72.6
78 23 88.65
78 36 44.17
78 51 52.08
78 7 67.58
79 14 17.17
79 5 79.42
79 12 14.21
79 1 49.17
79 53 60.21
79 47 77.16
79 22 81.59
79 70 18.47
79 86 77.2
79 64 31.88
79 43 63.94
79 33 12.33
79 40 28.93
79 29 40.06
79 82 13.69
79 24 31.31
79 57 94.74
79 65 30.45
79 76 10.72
79 32 89.02
79 25 62.16
79 52 17.12
79 80 67.22
79 51 78.03
79 4 31.37
79 93 40.85
79 61 89.51
79 7 6.54
79 0 19.61
79 69 22.78
79 78 31.4
79 34 2.75
79 35 19.44
79 44 33.64
79 15 7.34
79 17 53.0
79 26 65.18
79 71 1.87
79 37 72.11
79 28 57.21
79 46 60.67
79 27 94.68
79 30 33.98
79 92 5.16
79 41 81.69
79 45 44.08
79 48 24.32
79 21 83.71
79 19 2.73
79 54 5.86
79 83 47.32
79 36 70.35
79 8 16.81
79 81 1.76
79 66 8.16
79 42 1.72
79 39 22.9
79 62 48.98
79 23 90.64
79 56 18.3
79 55 65.08
79 13 19.74
79 11 58.22
79 10 50.43
79 58 25.61
80 5 76.46
80 18 81.21
80 2 94.94
80 0 69.88
80 34 62.31
80 74 37.81
80 43 35.51
80 38 18.7
80 71 30.49
80 86 50.71
80 47 1.16
80 66 39.3
80 90 88.59
80 51 96.64
80 12 34.26
80 37 85.87
80 26 62.81
80 27 30.03
80 22 56.46
80 1 88.92
80 20 5.7
80 35 96.83
80 36 74.16
80 60 28.81
80 42 27.74
80 24 51.94
80 65 51.2
80 63 75.45
80 61 82.28
80 76 39.27
80 46 94.21
80 73 21.15
80 59 70.82
80 57 30.25
80 67 24.96
80 68 61.6
80 82 24.12
80 96 64.46
80 41 1.97
80 44 38.14
80 28 14.56
80 9 66.89
80 29 2.78
80 23 47.44
80 92 95.53
80 21 47.61
80 40 56.01
80 58 75.94
80 54 42.44
80 3 77.65
80 49 38.22
80 6 60.81
80 48 90.66
80 19 45.6
80 8 19.65
80 45 87.17
80 32 79.84
80 4 2.25
80 39 18.51
80 15 18.13
81 9 4.26
81 7 61.87
81 0 99.27
81 8 68.16
81 20 97.6
81 21 55.65
81 33 16.44
81 1 66.49
81 47 66.6
81 31 30.01
81 50 77.42
81 49 51.57
81 35 81.66
81 60 90.68
81 92 32.01
81 65 64.86
81 51 89.24
81 69 0.9
81 40 21.73
81 29 29.38
81 83 96.83
81 14 36.53
81 15 65.61
81 25 8.47
81 46 10.67
81 59 46.33
81 63 72.56
81 30 97.38
81 80 32.23
81 67 83.16
81 68 12.14
81 32 10.76
81 57 3.53
81 12 89.98
81 10 57.29
81 13 81.48
81 4 19.67
81 85 4.34
81 27 63.53
81 45 26.78
81 39 82.96
81 18 16.61
81 42 64.46
81 36 42.46
81 11 64.06
81 56 61.67
81 53 51.81
81 61 13.24
81 58 20.2
81 24 22.69
81 19 15.14
81 64 37.58
81 37 1.73
81 52 4.12
81 6 94.86
81 38 55.6
81 2 69.07
81 26 70.56
82 0 55.4
82 2 44.5
82 16 64.23
82 51 17.39
82 47 0.17
82 28 51.58
82 90 61.61
82 37 46.04
82 68 55.86
82 22 55.18
82 88 0.25
82 35 20.22
82 26 35.09
82 40 34.51
82 94 5.45
82 17 29.58
82 60 5.96
82 20 33.4
82 21 27.79
82 78 36.35
82 19 23.03
82 84 9.83
82 7 67.18
82 46 4.74
82 27 2.84
82 85 65.44
82 54 28.59
82 34 56.18
82 57 42.5
82 9 46.74
82 39 34.75
82 4 42.02
82 32 19.89
82 3 80.89
82 24 54.03
82 41 97.93
82 61 85.81
82 45 63.09
82 55 36.84
82 66 76.4
82 10 35.08
82 67 59.84
82 43 55.02
82 52 25.46
82 38 90.33
82 30 51.39
82 86 15.62
82 42 21.9
82 48 80.76
82 8 57.27
82 58 80.36
82 15 76.62
82 6 36.83
82 50 6.91
82 11 17.65
82 44 72.3
82 14 12.13
82 59 13.11
82 18 60.39
82 23 35.15
83 6 90.76
83 19 49.97
83 14 3.05
83 41 41.66
83 37 81.87
83 9 39.41
83 24 60.0
83 89 19.11
83 45 16.12
83 50 94.95
83 22 14.32
83 88 62.5
83 78 58.4
83 68 4.3
83 70 94.81
83 1 41.37
83 72 40.02
83 51 83.59
83 49 25.64
83 84 76.81
83 15 28.54
83 20 20.22
83 82 78.54
83 11 49.26
83 18 42.08
83 44 54.6
83 7 71.56
83 23 63.91
83 32 35.37
83 34 73.55
83 17 81.95
83 38 33.34
83 40 0.44
83 33 85.8
83 42 43.04
83 31 77.1
83 12 22.74
83 52 38.78
83 3 53.03
83 66 2.27
83 58 6.18
83 0 46.83
83 4 49.16
83 59 44.98
83 13 92.67
84 24 98.43
84 5 68.89
84 22 16.11
84 0 51.42
84 14 80.63
84 6 67.73
84 17 74.69
84 77 72.69
84 70 14.0
84 12 34.66
84 38 64.34
84 26 50.75
84 75 3.58
84 64 94.73
84 31 43.77
84 45 14.66
84 52 84.42
84 79 6.17
84 57 5.84
84 65 6.43
84 58 77.18
84 46 24.84
84 18 23.17
84 72 88.35
84 41 72.32
84 47 97.68
84 36 9.19
84 34 57.9
84 98 62.92
84 29 80.88
84 9 18.25
84 56 84.54
84 27 75.1
84 92 79.96
84 8 58.4
84 42 94.38
84 80 11.95
84 33 88.89
84 16 71.03
84 81 98.17
84 68 36.6
84 53 40.78
84 25 46.59
84 2 85.36
84 13 59.64
84 37 58.86
84 7 56.4
84 55 73.65
84 54 72.68
85 29 64.72
85 17 20.18
85 23 1.61
85 6 92.48
85 19 61.14
85 75 43.44
85 53 1.14
85 16 87.69
85 55 13.08
85 26 47.19
85 24 17.94
85 54 69.65
85 33 64.52
85 51 97.04
85 35 37.89
85 37 85.23
85 1 99.15
85 70 27.6
85 12 85.38
85 66 90.06
85 58 45.62
85 3 58.64
85 40 3.98
85 21 89.2
85 52 9.32
85 22 66.08
85 47 31.92
85 34 3.56
85 98 72.89
85 83 73.36
85 78 83.31
85 63 56.29
85 73 58.26
85 46 87.18
85 10 6.22
85 48 65.9
85 20 19.63
85 45 74.51
85 32 7.62
85 60 0.54
85 59 47.9
85 64 50.96
85 84 67.95
85 28 87.0
85 71 55.94
85 7 80.42
85 13 4.99
85 44 60.78
85 39 11.38
85 72 73.79
85 36 71.17
85 31 66.49
85 87 31.38
85 14 61.02
85 8 53.65
85 11 30.25
86 13 72.33
86 4 25.22
86 15 32.94
86 6 42.96
86 49 6.2
86 33 49.07
86 5 54.09
86 65 38.63
86 84 30.9
86 26 92.42
86 87 88.65
86 45 66.16
86 52 25.57
86 74 74.89
86 46 70.35
86 23 26.52
86 22 73.4
86 76 72.61
86 66 61.76
86 10 80.85
86 28 3.09
86 32 46.95
86 31 0.76
86 21 55.18
86 77 21.71
86 83 98.19
86 94 84.5
86 19 55.04
86 55 36.69
86 78 33.29
86 51 43.46
86 24 44.94
86 37 3.15
86 47 78.63
86 34 39.67
86 42 28.67
86 9 0.05
86 12 40.23
86 91 67.74
86 7 16.53
86 85 87.96
86 17 27.44
86 67 79.77
86 39 36.31
86 54 83.42
86 3 20.22
86 61 43.96
86 48 87.76
86 43 69.41
86 38 89.54
86 30 94.46
86 90 10.0
86 62 96.29
86 25 28.73
86 18 62.92
86 40 19.43
87 9 71.47
87 5 68.41
87 0 72.79
87 21 99.7
87 20 66.43
87 19 12.62
87 48 81.81
87 70 4.08
87 60 27.03
87 38 16.02
87 71 83.24
87 45 6.92
87 49 22.23
87 40 37.27
87 63 92.24
87 16 99.72
87 46 52.93
87 8 38.51
87 22 30.63
87 35 84.28
87 57 48.92
87 26 99.26
87 61 68.05
87 84 71.36
87 78 72.17
87 44 85.13
87 69 98.47
87 81 25.29
87 83 50.77
87 94 91.29
87 64 51.36
87 68 89.05
87 54 12.38
87 51 48.34
87 27 19.67
87 75 60.61
87 80 36.16
87 31 82.17
87 2 84.09
87 23 4.38
87 12 66.79
87 37 84.47
87 47 71.29
87 33 57.92
87 29 68.95
87 30 15.62
87 41 99.33
87 11 21.18
87 18 77.27
87 67 62.81
87 3 82.73
87 7 34.92
87 56 22.58
87 52 71.82
87 14 26.37
87 36 19.64
87 24 24.28
87 28 98.15
87 76 87.6
87 91 41.0
87 66 5.59
87 4 14.08
87 53 13.43
87 13 84.89
87 1 44.75
87 62 58.26
88 23 91.62
88 14 41.38
88 19 62.26
88 55 61.01
88 5 6.88
88 47 38.63
88 59 95.1
88 21 15.52
88 39 24.12
88 22 52.43
88 9 50.39
88 92 68.84
88 25 51.82
88 94 29.99
88 42 83.6
88 49 15.69
88 98 25.99
88 86 48.99
88 80 97.39
88 70 77.99
88 36 62.23
88 64 34.13
88 62 95.69
88 33 54.31
88 68 33.56
88 37 69.83
88 67 93.86
88 75 28.9
88 43 19.23
88 34 56.55
88 29 45.65
88 8 16.68
88 13 0.24
88 66 47.19
88 60 19.68
88 27 57.82
88 3 36.36
88 31 96.31
88 45 11.72
88 38 30.57
88 11 16.86
88 28 26.45
88 61 4.13
88 46 55.11
88 44 93.69
88 63 44.9
88 81 70.67
88 50 44.28
88 91 0.96
88 17 17.98
88 2 3.98
88 0 33.96
88 7 10.14
88 16 68.48
88 18 42.11
88 41 36.03
88 10 43.63
88 73 52.29
88 32 56.94
88 53 80.46
88 12 0.03
88 24 47.83
88 4 79.71
89 0 8.1
89 11 70.56
89 6 53.83
89 27 92.18
89 20 31.97
89 12 69.98
89 5 17.46
89 78 61.06
89 85 62.64
89 79 79.96
89 84 33.26
89 60 65.21
89 33 54.33
89 21 52.92
89 29 30.69
89 26 57.5
89 61 28.57
89 55 90.77
89 46 75.19
89 19 19.84
89 64 37.37
89 22 73.98
89 37 93.57
89 24 94.33
89 62 69.29
89 77 55.84
89 34 85.02
89 54 66.73
89 76 25.44
89 63 61.55
89 36 13.4
89 9 76.62
89 41 55.55
89 32 24.34
89 35 71.89
89 40 66.75
89 18 71.75
89 25 21.72
89 43 85.0
89 28 36.57
89 42 1.13
89 56 1.58
89 48 13.21
89 44 44.58
89 65 27.02
89 30 2.27
89 90 72.34
89 15 86.91
89 70 55.01
89 66 11.34
89 38 16.54
89 4 44.87
89 8 14.04
89 53 53.28
89 17 70.18
89 23 31.88
89 3 89.83
90 10 57.6
90 0 57.19
90 15 63.7
90 2 96.4
90 18 43.21
90 5 46.22
90 33 15.32
90 9 88.74
90 85 6.07
90 79 17.06
90 20 46.14
90 45 13.08
90 36 51.99
90 6 90.43
90 51 34.94
90 65 99.23
90 94 82.55
90 72 78.31
90 23 92.84
90 54 87.64
90 14 40.52
90 46 30.42
90 73 65.75
90 49 3.38
90 70 32.82
90 17 11.68
90 48 82.47
90 24 84.1
90 75 81.44
90 31 63.29
90 35 46.57
90 43 75.61
90 16 81.83
90 30 45.33
90 58 90.57
90 26 96.91
90 83 95.36
90 66 25.78
90 88 35.76
90 7 88.31
90 22 97.93
90 42 82.94
90 41 10.31
90 28 60.49
90 55 31.55
90 57 88.87
90 59 28.22
90 38 54.65
90 29 94.53
90 4 42.51
90 13 94.38
90 37 38.16
90 19 89.55
90 62 63.8
91 7 90.47
91 3 35.21
91 0 33.05
91 12 2.28
91 90 29.89
91 70 71.33
91 33 52.69
91 15 92.31
91 78 41.67
91 20 30.93
91 64 15.61
91 50 60.36
91 22 34.68
91 63 10.93
91 82 26.75
91 79 25.99
91 99 94.19
91 40 78.44
91 48 4.2
91 66 22.31
91 10 11.06
91 56 31.65
91 58 72.17
91 14 25.24
91 46 36.6
91 42 52.72
91 38 80.58
91 75 51.79
91 84 64.6
91 19 69.11
91 67 1.36
91 23 18.69
91 73 65.97
91 49 29.49
91 36 97.74
91 68 19.34
91 6 15.49
91 59 10.61
91 60 44.78
91 28 85.13
91 5 21.77
91 57 73.84
91 62 17.02
91 21 30.99
91 53 25.67
91 45 12.3
91 18 93.56
91 54 72.85
91 31 12.73
91 81 89.42
91 35 45.91
91 2 26.01
91 25 16.38
91 76 58.57
91 9 62.69
91 69 19.82
91 11 61.97
91 27 66.98
91 39 97.04
91 29 83.03
91 37 93.9
91 16 37.77
91 47 33.81
91 34 26.55
91 13 93.16
91 17 36.72
92 17 82.69
92 2 52.04
92 28 3.73
92 48 65.61
92 70 42.19
92 74 99.87
92 39 84.58
92 47 2.55
92 6 8.43
92 51 8.73
92 52 56.42
92 29 68.47
92 66 73.77
92 14 63.92
92 46 84.85
92 24 89.73
92 59 0.81
92 89 50.75
92 54 91.51
92 27 14.8
92 10 26.06
92 20 49.99
92 15 39.54
92 16 85.37
92 64 57.88
92 77 47.17
92 37 62.54
92 26 82.58
92 43 65.36
92 31 59.84
92 71 17.78
92 32 63.06
92 98 16.06
92 22 51.04
92 3 79.66
92 18 44.5
92 25 35.98
92 30 59.53
92 45 22.41
92 44 65.79
92 12 72.67
92 19 76.4
92 7 6.46
92 91 59.79
92 21 4.61
92 4 5.88
92 35 96.11
92 62 31.31
92 36 13.18
92 61 37.32
92 87 98.75
92 23 75.99
92 53 76.59
93 5 67.91
93 74 49.58
93 43 23.9
93 6 5.46
93 22 29.53
93 20 3.71
93 69 62.29
93 65 58.63
93 52 81.18
93 21 23.56
93 16 98.93
93 35 78.65
93 25 20.81
93 83 61.42
93 39 93.21
93 33 85.52
93 36 8.75
93 46 66.63
93 8 93.96
93 19 39.41
93 42 18.27
93 15 32.32
93 95 61.03
93 1 47.76
93 37 82.3
93 54 14.37
93 76 9.18
93 0 8.79
93 14 66.56
93 24 79.88
93 77 11.18
93 4 65.03
93 51 79.75
93 45 87.86
93 57 77.48
93 9 79.84
93 68 18.01
93 18 74.59
93 34 90.94
93 49 0.69
93 12 33.68
93 27 18.28
93 32 95.1
93 7 36.51
93 29 56.46
93 23 87.6
93 17 9.54
93 88 6.18
93 53 74.67
93 13 90.18
93 50 10.79
93 81 89.54
93 11 78.23
93 61 47.51
93 3 35.37
93 66 24.36
93 78 83.86
93 47 10.97
93 26 30.99
93 31 41.48
93 2 31.62
93 44 20.3
93 87 2.09
93 60 78.89
93 58 69.19
94 2 65.26
94 3 64.48
94 1 74.86
94 17 58.97
94 16 1.31
94 19 44.43
94 28 55.13
94 53 15.82
94 47 44.5
94 70 74.46
94 71 49.33
94 24 72.11
94 45 54.45
94 59 10.63
94 33 7.37
94 52 49.7
94 68 66.1
94 98 83.97
94 66 97.03
94 8 62.46
94 31 36.77
94 55 6.69
94 81 65.24
94 42 33.93
94 32 45.39
94 49 70.44
94 73 51.34
94 29 72.06
94 63 35.34
94 93 77.74
94 74 78.81
94 27 83.52
94 67 42.08
94 43 59.55
94 39 45.01
94 18 96.62
94 34 49.85
94 46 86.83
94 30 42.98
94 84 89.42
94 12 37.77
94 11 3.28
94 76 74.09
94 22 71.42
94 13 65.04
94 41 0.62
94 58 3.15
94 56 77.88
94 7 48.88
94 61 29.68
94 21 0.64
94 26 92.78
94 54 88.87
94 38 21.48
94 9 27.17
94 50 85.91
94 14 2.94
94 23 93.56
94 48 61.96
94 10 17.52
95 11 60.71
95 18 28.63
95 92 88.36
95 49 35.06
95 16 9.29
95 55 85.89
95 79 67.55
95 64 83.89
95 60 23.63
95 87 71.74
95 6 80.8
95 69 72.82
95 26 55.14
95 31 55.9
95 36 65.1
95 90 44.23
95 2 0.66
95 83 84.11
95 68 87.88
95 40 9.69
95 19 3.16
95 37 36.52
95 10 64.58
95 22 81.18
95 41 50.92
95 50 22.14
95 15 65.75
95 23 96.76
95 27 72.72
95 65 15.79
95 20 7.36
95 38 23.99
95 61 26.58
95 76 21.95
95 84 91.63
95 72 57.38
95 73 43.15
95 33 58.38
95 13 23.37
95 77 73.35
95 42 70.54
95 21 10.47
95 59 10.4
95 71 26.02
95 24 27.76
95 28 66.56
95 57 45.29
95 12 51.46
95 75 60.08
95 43 65.92
95 46 97.77
95 89 54.67
95 35 23.15
95 34 13.05
95 17 32.76
95 39 14.42
95 45 6.98
95 63 26.76
95 32 1.75
95 48 91.98
95 62 44.82
95 51 57.83
95 3 29.93
95 52 59.45
95 4 5.6
95 53 4.91
95 7 63.13
95 29 29.38
95 25 13.4
95 5 18.5
96 10 4.13
96 3 11.82
96 57 58.01
96 12 73.89
96 51 35.55
96 33 74.08
96 64 79.02
96 84 43.07
96 17 62.59
96 87 90.61
96 20 97.31
96 90 14.08
96 52 85.42
96 29 74.84
96 36 27.14
96 46 34.21
96 23 44.61
96 83 51.17
96 26 21.9
96 22 58.64
96 98 2.15
96 78 10.52
96 60 13.45
96 55 19.98
96 81 70.23
96 94 44.52
96 49 30.52
96 19 81.7
96 50 20.42
96 14 49.58
96 54 11.62
96 4 94.56
96 27 83.15
96 5 50.72
96 11 30.81
96 41 1.64
96 56 11.61
96 34 97.47
96 42 5.85
96 15 13.97
96 74 73.59
96 68 21.84
96 39 68.42
96 65 0.37
96 43 34.41
96 31 80.68
96 16 68.59
96 32 86.04
96 85 3.66
96 67 20.65
96 30 92.05
96 48 74.38
96 7 89.59
96 18 11.34
96 37 97.08
96 28 1.85
96 40 48.18
96 9 44.45
96 62 40.95
96 70 50.39
96 63 11.77
96 0 1.12
96 35 92.05
96 44 99.9
96 1 81.77
96 13 0.55
96 21 90.16
97 27 58.72
97 57 50.21
97 70 93.1
97 8 47.52
97 47 8.45
97 71 76.33
97 9 46.52
97 28 62.72
97 87 90.08
97 54 73.05
97 52 27.63
97 74 77.75
97 24 2.58
97 2 31.67
97 40 43.3
97 68 61.32
97 3 68.44
97 55 17.26
97 22 54.01
97 20 36.76
97 32 62.62
97 50 51.34
97 80 25.47
97 19 6.43
97 59 61.02
97 23 0.46
97 89 41.01
97 65 65.3
97 78 31.2
97 0 19.58
97 7 87.26
97 4 78.22
97 25 54.32
97 73 6.18
97 14 32.81
97 36 87.2
97 5 24.76
97 66 68.22
97 35 23.72
97 30 30.28
97 60 8.11
97 12 5.87
97 51 54.48
97 48 68.94
97 67 53.74
97 17 9.06
97 46 27.86
97 26 9.85
97 38 37.73
97 34 26.52
97 63 54.9
97 13 9.26
97 92 9.03
97 39 70.63
97 31 38.08
97 45 40.51
97 21 36.06
97 10 30.44
97 86 84.6
97 61 96.39
97 44 27.05
97 42 10.81
97 1 65.79
97 15 4.42
97 6 54.73
97 53 17.86
97 29 22.17
97 49 35.57
97 90 68.29
97 41 2.29
97 43 15.27
97 18 32.12
97 16 87.1
97 58 34.61
97 11 10.54
97 33 19.37
98 1 5.93
98 0 50.7
98 8 31.39
98 48 13.91
98 5 66.19
98 44 96.13
98 45 66.37
98 52 24.19
98 24 14.91
98 12 69.11
98 17 33.61
98 72 70.65
98 20 14.84
98 51 35.12
98 39 49.8
98 36 27.01
98 37 89.29
98 49 11.73
98 73 85.18
98 16 27.36
98 54 42.8
98 50 54.28
98 15 81.36
98 33 87.51
98 10 88.24
98 25 48.37
98 64 16.35
98 46 77.78
98 6 53.13
98 3 86.34
98 56 78.27
98 21 75.32
98 59 73.47
98 74 81.54
98 67 56.47
98 27 77.01
98 29 84.03
98 11 12.66
98 32 69.21
98 62 38.4
98 61 56.48
98 40 29.18
98 31 20.37
98 43 7.74
98 66 55.79
98 26 5.13
98 9 80.54
98 2 88.72
98 58 2.04
98 30 8.05
98 63 77.21
98 7 56.3
98 38 32.13
98 87 20.35
98 53 97.74
98 14 62.44
98 57 26.2
98 4 44.38
99 1 69.86
99 48 70.4
99 70 92.59
99 53 71.6
99 16 53.67
99 22 49.16
99 78 97.11
99 20 60.5
99 15 27.67
99 86 13.06
99 59 55.36
99 54 16.7
99 51 48.16
99 75 1.47
99 83 89.44
99 92 98.98
99 2 29.95
99 25 11.88
99 55 48.97
99 39 25.96
99 17 14.88
99 80 98.15
99 68 34.28
99 33 81.61
99 37 91.91
99 27 90.35
99 13 29.22
99 96 92.67
99 24 69.03
99 14 8.73
99 64 67.79
99 52 73.88
99 50 73.4
99 7 82.28
99 71 11.11
99 26 69.39
99 30 9.14
99 63 6.52
99 0 78.67
99 62 36.06
99 45 88.81
99 32 1.04
99 12 60.65
99 21 33.41
99 74 64.06
99 38 30.09
99 61 83.88
99 43 37.32
99 42 96.7
99 46 14.34
99 23 1.46
99 72 97.72
99 82 15.33
99 9 19.7
99 57 98.92
99 65 82.76
99 29 14.32
99 66 82.38
99 3 90.92
99 28 22.02
99 47 70.78
99 8 32.91
99 60 20.72
99 87 75.9
99 49 47.07
99 31 1.86
99 34 34.87
99 44 1.92
99 11 45.64
99 58 77.82
99 6 13.71
99 41 97.7
99 5 75.41
