50
0 37 92.03
0 32 4.27
0 20 97.23
0 9 37.29
0 1 73.72
0 14 46.14
0 21 50.13
0 4 1.72
0 6 73.15
0 33 67.55
0 22 42.84
0 36 0.01
0 38 45.35
0 39 11.01
0 31 67.59
0 27 56.26
0 44 2.17
0 45 48.94
0 40 84.21
1 17 80.41
1 9 79.93
1 14 28.91
1 6 69.07
1 15 42.87
1 18 99.35
1 4 95.53
1 16 92.26
1 24 41.17
1 22 22.32
1 26 85.23
1 35 35.0
1 7 86.64
1 8 59.69
1 20 6.06
1 29 17.04
1 36 97.73
1 37 16.85
1 11 36.36
1 39 67.62
2 5 51.77
2 1 74.25
2 0 99.9
2 15 71.49
2 42 53.25
2 9 91.15
2 13 87.02
2 17 48.0
2 33 78.92
2 27 74.79
2 14 21.01
2 4 21.96
2 19 4.26
2 30 21.2
3 1 29.22
3 2 1.36
3 15 40.11
3 22 21.49
3 9 21.68
3 28 64.0
3 10 40.69
3 23 64.86
3 0 55.9
3 26 33.6
3 17 54.95
3 12 1.15
3 25 41.99
3 40 83.47
3 29 45.95
3 27 85.86
4 3 42.59
4 5 25.0
4 8 5.82
4 7 4.97
4 28 44.62
4 18 42.76
4 24 15.1
4 32 95.66
4 41 65.8
4 38 6.56
4 14 72.7
4 37 66.55
4 30 62.95
4 13 49.75
4 6 66.28
4 21 79.64
4 40 15.09
4 47 94.67
4 33 10.04
4 19 84.63
4 45 96.59
4 29 73.84
5 0 79.76
5 13 94.08
5 12 10.36
5 11 85.87
5 7 46.85
5 17 19.73
5 25 89.25
5 3 31.91
5 1 50.67
5 31 43.33
5 22 7.14
5 35 92.12
5 24 76.04
5 38 21.7
5 27 1.09
5 19 19.16
5 37 32.09
5 40 69.19
6 3 66.65
6 27 34.91
6 2 90.07
6 7 13.49
6 13 52.41
6 5 10.52
6 49 89.62
6 34 53.44
6 24 11.72
6 23 36.43
6 18 48.62
6 39 73.62
6 30 85.21
6 16 74.79
6 19 6.95
6 42 62.38
6 28 43.17
7 8 34.08
7 0 13.39
7 14 33.49
7 12 75.16
7 3 26.08
7 2 9.67
7 10 59.27
7 18 80.7
7 48 14.84
7 20 47.58
7 16 93.43
7 19 41.17
7 33 6.99
8 0 87.32
8 5 46.86
8 15 86.17
8 2 50.4
8 3 4.6
8 6 59.0
8 25 76.95
8 11 27.29
8 34 55.45
8 32 47.15
8 24 20.76
8 40 93.75
8 44 64.02
9 4 98.2
9 11 49.71
9 24 2.95
9 19 94.43
9 5 82.36
9 17 96.52
9 7 5.34
9 25 99.53
9 28 58.28
9 27 22.45
9 8 72.46
9 13 42.12
9 33 62.69
9 16 45.7
9 23 36.94
9 45 79.95
9 12 10.47
9 38 72.03
10 0 49.69
10 12 96.65
10 13 98.13
10 8 60.09
10 9 73.31
10 4 16.95
10 1 61.14
10 2 98.58
10 18 78.12
10 23 60.02
10 6 20.15
10 5 2.88
10 20 50.59
10 17 88.04
11 4 6.06
11 15 24.44
11 0 96.52
11 3 96.17
11 7 37.9
11 45 52.39
11 2 37.47
11 10 18.64
11 19 0.69
11 36 60.72
11 30 98.45
11 40 7.28
11 33 23.04
11 6 73.66
11 34 97.56
11 49 7.01
11 38 62.58
11 28 58.45
11 13 43.79
12 14 1.94
12 0 76.24
12 11 55.51
12 16 96.54
12 1 62.75
12 21 3.86
12 4 74.6
12 31 5.14
12 8 75.94
12 6 21.3
12 25 89.83
12 19 53.59
12 2 25.78
12 32 46.2
13 23 35.97
13 3 27.67
13 1 99.22
13 16 46.92
13 26 81.22
13 20 48.43
13 8 18.63
13 19 38.92
13 45 51.99
13 33 64.73
13 30 58.23
13 38 34.92
13 49 95.06
13 27 5.08
13 32 10.04
13 42 83.76
13 17 13.46
14 8 38.33
14 5 64.2
14 11 86.39
14 6 44.42
14 10 55.96
14 31 68.47
14 25 90.55
14 3 94.22
14 24 1.13
14 9 68.81
14 43 10.37
14 36 67.63
14 38 53.13
14 27 18.73
14 28 90.46
14 17 62.46
14 18 68.36
15 9 16.43
15 0 24.44
15 6 34.59
15 4 8.37
15 7 32.34
15 16 40.76
15 5 21.03
15 10 88.72
15 12 75.43
15 25 95.42
15 36 30.83
15 21 43.96
15 24 16.12
15 43 22.34
15 27 65.03
15 40 11.24
15 31 68.09
15 13 23.5
16 3 74.19
16 0 22.6
16 34 19.71
16 17 83.83
16 8 18.45
16 19 26.33
16 23 0.71
16 14 69.13
16 11 42.09
16 36 8.43
16 20 25.04
16 40 48.97
16 24 19.22
16 4 27.26
16 10 42.5
16 2 79.55
16 22 90.19
16 5 74.84
17 8 64.77
17 11 20.41
17 12 47.73
17 0 50.05
17 20 94.61
17 34 49.84
17 6 23.09
17 21 88.48
17 18 85.29
17 43 30.35
17 39 6.96
17 45 41.03
17 48 94.2
17 29 16.47
17 30 86.67
17 25 59.99
17 15 88.06
18 32 52.73
18 11 59.12
18 13 74.97
18 12 0.73
18 5 38.25
18 2 30.93
18 19 61.87
18 9 1.81
18 20 3.7
18 34 63.78
18 8 21.86
18 16 38.73
18 0 52.7
19 31 30.84
19 28 22.15
19 0 1.82
19 10 91.09
19 21 32.28
19 15 96.63
19 14 93.5
19 37 73.81
19 20 87.48
19 24 83.63
19 22 78.52
19 1 8.69
19 17 69.48
20 6 53.78
20 11 4.9
20 4 25.7
20 28 66.91
20 3 27.72
20 9 0.77
20 5 46.97
20 47 74.52
20 14 24.4
20 24 49.59
20 36 9.2
20 2 5.19
20 12 71.11
20 32 28.72
20 31 73.27
20 49 44.99
20 25 13.43
20 8 1.83
21 14 23.67
21 2 82.63
21 1 41.01
21 35 55.95
21 10 58.07
21 5 62.78
21 7 42.52
21 24 28.87
21 22 17.43
21 18 71.4
21 9 79.33
21 3 26.68
21 13 65.5
22 9 48.77
22 4 5.1
22 2 95.25
22 8 29.0
22 13 13.55
22 17 64.92
22 15 22.68
22 37 98.53
22 36 25.72
22 39 72.65
22 40 4.72
22 24 34.99
22 18 45.76
22 34 62.34
22 10 32.78
22 12 19.48
22 7 97.64
22 6 60.83
23 21 37.5
23 20 87.8
23 2 88.73
23 0 20.1
23 5 34.15
23 33 47.28
23 27 95.82
23 15 25.43
23 19 21.65
23 11 32.61
23 7 36.02
23 1 24.49
24 0 58.06
24 12 1.64
24 2 22.41
24 3 84.82
24 7 21.03
24 31 68.09
24 34 39.1
24 17 83.8
24 42 74.98
24 18 88.2
24 23 92.44
24 13 70.78
24 27 31.43
24 10 90.78
24 11 15.91
25 13 89.74
25 16 80.55
25 0 16.42
25 1 58.19
25 10 88.21
25 6 14.45
25 30 43.88
25 43 48.0
25 24 47.39
25 33 78.79
25 22 2.75
25 18 76.0
25 21 92.56
25 35 73.14
25 2 47.7
25 7 40.55
25 4 21.26
25 37 92.59
26 34 69.77
26 15 38.44
26 0 29.64
26 33 29.42
26 20 53.35
26 2 47.21
26 22 46.03
26 31 40.21
26 32 84.72
26 27 93.5
26 12 85.12
26 4 21.02
26 8 51.93
26 11 65.24
26 16 8.62
26 7 36.04
26 14 12.38
26 9 97.81
26 6 48.48
27 18 22.73
27 1 71.45
27 21 62.53
27 10 8.12
27 7 21.91
27 19 49.81
27 43 82.89
27 40 56.11
27 39 93.99
27 20 34.05
27 8 11.29
27 17 10.08
27 44 53.72
27 12 3.01
27 4 36.65
27 49 31.71
27 38 1.23
27 22 95.34
28 17 86.7
28 16 36.81
28 12 52.39
28 15 34.79
28 2 51.09
28 1 65.64
28 42 42.81
28 27 77.34
28 8 20.97
28 36 42.02
28 24 65.21
28 10 68.98
28 7 50.59
28 18 70.26
28 5 46.52
28 0 46.87
28 44 44.29
28 31 27.5
28 23 46.02
29 22 15.45
29 9 85.44
29 33 6.08
29 20 2.16
29 21 63.9
29 18 9.13
29 12 47.25
29 25 78.22
29 7 21.0
29 44 87.87
29 2 65.55
29 26 84.71
29 23 83.9
29 15 7.22
29 32 87.39
29 8 83.53
29 34 5.43
29 5 53.17
29 14 44.04
29 0 50.1
29 6 88.31
29 31 10.07
29 27 97.37
30 5 80.66
30 10 75.73
30 9 7.6
30 16 78.12
30 7 79.13
30 36 85.93
30 38 8.79
30 23 59.64
30 12 95.45
30 8 43.7
30 1 70.49
30 3 89.3
30 20 1.67
30 18 17.99
30 26 56.94
30 22 25.15
30 33 97.62
30 14 80.27
30 24 96.98
30 0 92.14
30 15 53.89
31 17 47.55
31 4 66.97
31 16 14.96
31 9 71.02
31 8 97.86
31 1 28.53
31 25 58.04
31 47 25.86
31 39 72.64
31 6 60.46
31 21 12.02
31 10 84.57
31 37 53.15
31 2 5.26
31 7 42.74
31 22 14.54
31 32 25.52
31 23 1.45
32 5 73.72
32 1 91.77
32 11 46.23
32 9 55.4
32 19 70.97
32 24 78.12
32 42 40.35
32 22 13.65
32 15 39.89
32 3 58.77
32 49 56.74
32 16 10.74
32 27 25.57
32 25 96.7
32 41 64.18
32 6 99.6
32 21 45.83
32 23 80.42
33 5 96.56
33 21 21.56
33 1 83.54
33 15 89.11
33 37 66.25
33 36 61.85
33 14 11.61
33 39 69.43
33 20 88.29
33 38 1.54
33 18 14.31
33 10 60.42
33 8 30.8
33 27 69.02
33 3 60.23
33 42 90.79
33 45 5.01
33 12 13.32
34 0 30.94
34 2 80.13
34 15 39.11
34 1 79.51
34 14 82.75
34 4 4.76
34 39 66.69
34 21 94.66
34 7 0.36
34 44 6.58
34 36 59.55
34 32 3.48
34 3 7.3
34 25 85.12
34 5 44.62
35 0 24.77
35 10 68.67
35 15 46.31
35 47 17.47
35 30 49.51
35 16 10.74
35 36 20.73
35 24 40.02
35 3 31.79
35 19 7.76
35 14 11.15
35 12 40.17
35 31 77.35
35 27 8.12
35 8 56.83
35 6 55.71
35 2 28.3
35 26 0.9
35 20 17.04
35 11 82.8
35 22 31.03
35 17 93.27
35 7 88.79
35 18 18.79
36 4 53.9
36 6 84.78
36 10 35.17
36 3 30.11
36 5 54.27
36 24 13.11
36 45 63.8
36 7 42.12
36 44 58.33
36 31 73.71
36 12 88.76
36 13 20.4
36 21 22.32
36 32 79.72
36 9 56.98
36 8 14.62
36 23 18.22
37 13 32.66
37 3 53.85
37 12 38.11
37 6 13.97
37 36 23.36
37 11 56.68
37 47 19.75
37 24 61.37
37 30 11.97
37 10 30.65
37 34 22.18
37 45 0.31
37 8 16.63
37 35 95.01
37 16 99.13
37 9 62.27
37 20 30.05
37 2 72.36
37 7 55.07
37 21 61.63
37 14 69.41
38 44 62.63
38 1 13.73
38 15 38.05
38 40 32.43
38 22 69.36
38 6 76.55
38 21 56.01
38 8 3.0
38 7 68.9
38 18 87.97
38 12 58.23
38 2 91.67
38 31 27.8
38 28 76.95
38 16 44.56
38 3 36.48
39 14 81.22
39 47 58.88
39 36 16.26
39 9 85.25
39 30 36.99
39 15 8.55
39 21 81.57
39 20 69.34
39 10 83.13
39 13 53.07
39 32 4.67
39 18 8.97
39 4 64.46
39 8 6.88
39 2 40.39
39 3 11.24
39 12 45.29
40 1 7.49
40 20 59.88
40 47 25.03
40 9 41.19
40 10 39.54
40 18 76.13
40 6 48.51
40 49 84.42
40 26 14.4
40 13 70.33
40 12 80.08
40 19 76.76
41 3 47.77
41 19 64.08
41 40 50.03
41 16 84.59
41 12 57.96
41 6 79.7
41 7 33.66
41 36 65.33
41 24 42.99
41 17 72.32
41 35 13.86
41 10 42.73
41 0 29.21
41 28 1.81
41 26 33.99
41 14 31.99
41 15 44.66
41 8 24.97
41 9 29.86
41 5 63.48
41 13 30.88
41 21 51.16
42 10 53.87
42 4 85.09
42 16 9.08
42 30 5.98
42 47 28.82
42 5 82.95
42 19 3.61
42 48 25.66
42 18 68.47
42 31 2.97
42 27 27.92
42 12 72.11
42 3 77.06
42 21 39.02
42 17 36.79
42 20 66.85
42 8 94.1
42 0 73.28
42 7 33.84
42 15 32.47
42 14 18.44
43 12 43.59
43 30 48.29
43 3 63.04
43 20 20.27
43 6 45.81
43 39 20.93
43 24 73.73
43 19 60.58
43 23 18.26
43 10 72.88
43 31 17.38
43 22 56.01
43 1 81.77
43 2 80.81
43 13 17.9
43 8 70.19
43 0 20.48
43 16 5.07
43 5 35.1
43 4 79.43
43 37 50.33
44 4 18.04
44 6 6.46
44 19 99.85
44 16 7.92
44 47 23.35
44 30 57.76
44 14 86.05
44 33 37.17
44 13 25.47
44 5 1.1
44 3 18.64
44 2 12.25
44 1 77.6
44 20 26.6
44 42 14.52
44 12 47.99
44 15 69.43
44 7 72.47
44 9 51.48
44 11 26.32
44 37 45.24
45 8 87.52
45 1 82.54
45 2 15.63
45 5 90.27
45 20 80.85
45 12 78.2
45 27 24.38
45 15 87.53
45 18 49.27
45 21 46.74
45 35 45.09
45 3 51.15
45 25 40.88
45 19 70.18
45 31 9.49
45 23 14.8
45 16 70.47
45 32 80.0
45 26 39.04
45 10 68.1
45 7 65.24
46 5 52.67
46 30 97.44
46 11 61.61
46 40 78.16
46 33 23.99
46 2 70.57
46 15 28.56
46 34 69.64
46 21 78.68
46 1 88.26
46 6 46.43
46 0 51.31
46 31 55.37
46 8 53.95
46 10 47.92
46 37 70.39
46 17 43.46
46 49 3.67
46 23 81.93
46 26 49.16
46 14 52.27
46 20 90.06
46 18 46.05
46 16 96.85
46 3 5.87
46 7 10.95
47 9 72.67
47 6 29.64
47 19 94.51
47 30 99.05
47 27 5.47
47 8 11.23
47 5 83.75
47 21 23.8
47 3 97.49
47 13 76.68
47 1 76.28
47 26 60.61
47 34 22.7
47 0 46.59
47 33 67.48
47 22 45.14
47 2 81.94
47 14 65.98
48 0 83.67
48 16 25.88
48 11 77.12
48 39 81.71
48 20 92.32
48 1 45.25
48 19 30.67
48 24 97.72
48 31 47.85
48 5 56.38
48 12 41.68
48 9 88.26
48 10 47.53
48 8 77.07
48 49 17.81
48 26 5.74
48 2 99.31
48 14 35.18
48 22 23.59
48 21 57.77
48 25 40.92
48 6 0.92
48 3 63.45
48 27 27.42
49 4 43.89
49 47 98.16
49 30 49.65
49 24 60.71
49 42 86.56
49 37 66.05
49 10 80.02
49 15 87.19
49 18 81.11
49 2 96.72
49 1 75.42
49 29 71.8
49 12 14.89
49 8 30.91
49 19 55.63
49 3 78.57
49 0 99.94
49 44 15.1
49 34 89.87
49 17 43.95
49 45 32.8
49 9 2.37
49 5 62.86
49 22 79.34
