<<<<<<< HEAD
17
0 3 78.23
0 4 92.02
0 1 13.68
0 2 12.492
3 4 21.295
1 5 89.292
1 6 81.522
1 7 82.535
1 8 92.921
1 9 96.957
1 2 21.004
5 9 19.923
2 10 78.892
2 11 98.773
2 12 90.502
2 13 81.448
2 14 86.172
2 15 90.863
2 16 95.572
=======
17
0 3 78.23
0 4 92.02
0 1 13.68
0 2 12.492
3 4 21.295
1 5 89.292
1 6 81.522
1 7 82.535
1 8 92.921
1 9 96.957
1 2 21.004
5 9 19.923
2 10 78.892
2 11 98.773
2 12 90.502
2 13 81.448
2 14 86.172
2 15 90.863
2 16 95.572
>>>>>>> e05e618b4c97a00c9904dd233d08d7ab06ab1a10
12 14 12.802